0.0
0.01020408163265306
0.02040816326530612
0.030612244897959183
0.04081632653061224
0.05102040816326531
0.061224489795918366
0.07142857142857142
0.08163265306122448
0.09183673469387756
0.10204081632653061
0.11224489795918367
0.12244897959183673
0.1326530612244898
0.14285714285714285
0.15306122448979592
0.16326530612244897
0.17346938775510204
0.1836734693877551
0.19387755102040816
0.20408163265306123
0.21428571428571427
0.22448979591836735
0.23469387755102042
0.24489795918367346
0.25510204081632654
0.2653061224489796
0.2755102040816326
0.2857142857142857
0.29591836734693877
0.30612244897959184
0.3163265306122449
0.32653061224489793
0.336734693877551
0.3469387755102041
0.35714285714285715
0.3673469387755102
0.37755102040816324
0.3877551020408163
0.3979591836734694
0.40816326530612246
0.41836734693877553
0.42857142857142855
0.4387755102040816
0.4489795918367347
0.45918367346938777
0.46938775510204084
0.47959183673469385
0.4897959183673469
0.5
0.5102040816326531
0.5204081632653061
0.5306122448979592
0.5408163265306123
0.5510204081632653
0.5612244897959183
0.5714285714285714
0.5816326530612245
0.5918367346938775
0.6020408163265306
0.6122448979591837
0.6224489795918368
0.6326530612244898
0.6428571428571429
0.6530612244897959
0.6632653061224489
0.673469387755102
0.6836734693877551
0.6938775510204082
0.7040816326530612
0.7142857142857143
0.7244897959183674
0.7346938775510204
0.7448979591836735
0.7551020408163265
0.7653061224489796
0.7755102040816326
0.7857142857142857
0.7959183673469388
0.8061224489795918
0.8163265306122449
0.826530612244898
0.8367346938775511
0.8469387755102041
0.8571428571428571
0.8673469387755102
0.8775510204081632
0.8877551020408163
0.8979591836734694
0.9081632653061225
0.9183673469387755
0.9285714285714286
0.9387755102040817
0.9489795918367347
0.9591836734693877
0.9693877551020408
0.9795918367346939
0.9897959183673469
0.0
0.01020408163265306
0.02040816326530612
0.030612244897959183
0.04081632653061224
0.05102040816326531
0.061224489795918366
0.07142857142857142
0.08163265306122448
0.09183673469387756
0.10204081632653061
0.11224489795918367
0.12244897959183673
0.1326530612244898
0.14285714285714285
0.15306122448979592
0.16326530612244897
0.17346938775510204
0.1836734693877551
0.19387755102040816
0.20408163265306123
0.21428571428571427
0.22448979591836735
0.23469387755102042
0.24489795918367346
0.25510204081632654
0.2653061224489796
0.2755102040816326
0.2857142857142857
0.29591836734693877
0.30612244897959184
0.3163265306122449
0.32653061224489793
0.336734693877551
0.3469387755102041
0.35714285714285715
0.3673469387755102
0.37755102040816324
0.3877551020408163
0.3979591836734694
0.40816326530612246
0.41836734693877553
0.42857142857142855
0.4387755102040816
0.4489795918367347
0.45918367346938777
0.46938775510204084
0.47959183673469385
0.4897959183673469
0.5
0.5102040816326531
0.5204081632653061
0.5306122448979592
0.5408163265306123
0.5510204081632653
0.5612244897959183
0.5714285714285714
0.5816326530612245
0.5918367346938775
0.6020408163265306
0.6122448979591837
0.6224489795918368
0.6326530612244898
0.6428571428571429
0.6530612244897959
0.6632653061224489
0.673469387755102
0.6836734693877551
0.6938775510204082
0.7040816326530612
0.7142857142857143
0.7244897959183674
0.7346938775510204
0.7448979591836735
0.7551020408163265
0.7653061224489796
0.7755102040816326
0.7857142857142857
0.7959183673469388
0.8061224489795918
0.8163265306122449
0.826530612244898
0.8367346938775511
0.8469387755102041
0.8571428571428571
0.8673469387755102
0.8775510204081632
0.8877551020408163
0.8979591836734694
0.9081632653061225
0.9183673469387755
0.9285714285714286
0.9387755102040817
0.9489795918367347
0.9591836734693877
0.9693877551020408
0.9795918367346939
0.9897959183673469
0.0
0.01020408163265306
0.02040816326530612
0.030612244897959183
0.04081632653061224
0.05102040816326531
0.061224489795918366
0.07142857142857142
0.08163265306122448
0.09183673469387756
0.10204081632653061
0.11224489795918367
0.12244897959183673
0.1326530612244898
0.14285714285714285
0.15306122448979592
0.16326530612244897
0.17346938775510204
0.1836734693877551
0.19387755102040816
0.20408163265306123
0.21428571428571427
0.22448979591836735
0.23469387755102042
0.24489795918367346
0.25510204081632654
0.2653061224489796
0.2755102040816326
0.2857142857142857
0.29591836734693877
0.30612244897959184
0.3163265306122449
0.32653061224489793
0.336734693877551
0.3469387755102041
0.35714285714285715
0.3673469387755102
0.37755102040816324
0.3877551020408163
0.3979591836734694
0.40816326530612246
0.41836734693877553
0.42857142857142855
0.4387755102040816
0.4489795918367347
0.45918367346938777
0.46938775510204084
0.47959183673469385
0.4897959183673469
0.5
0.5102040816326531
0.5204081632653061
0.5306122448979592
0.5408163265306123
0.5510204081632653
0.5612244897959183
0.5714285714285714
0.5816326530612245
0.5918367346938775
0.6020408163265306
0.6122448979591837
0.6224489795918368
0.6326530612244898
0.6428571428571429
0.6530612244897959
0.6632653061224489
0.673469387755102
0.6836734693877551
0.6938775510204082
0.7040816326530612
0.7142857142857143
0.7244897959183674
0.7346938775510204
0.7448979591836735
0.7551020408163265
0.7653061224489796
0.7755102040816326
0.7857142857142857
0.7959183673469388
0.8061224489795918
0.8163265306122449
0.826530612244898
0.8367346938775511
0.8469387755102041
0.8571428571428571
0.8673469387755102
0.8775510204081632
0.8877551020408163
0.8979591836734694
0.9081632653061225
0.9183673469387755
0.9285714285714286
0.9387755102040817
0.9489795918367347
0.9591836734693877
0.9693877551020408
0.9795918367346939
0.9897959183673469
0.0
0.01020408163265306
0.02040816326530612
0.030612244897959183
0.04081632653061224
0.05102040816326531
0.061224489795918366
0.07142857142857142
0.08163265306122448
0.09183673469387756
0.10204081632653061
0.11224489795918367
0.12244897959183673
0.1326530612244898
0.14285714285714285
0.15306122448979592
0.16326530612244897
0.17346938775510204
0.1836734693877551
0.19387755102040816
0.20408163265306123
0.21428571428571427
0.22448979591836735
0.23469387755102042
0.24489795918367346
0.25510204081632654
0.2653061224489796
0.2755102040816326
0.2857142857142857
0.29591836734693877
0.30612244897959184
0.3163265306122449
0.32653061224489793
0.336734693877551
0.3469387755102041
0.35714285714285715
0.3673469387755102
0.37755102040816324
0.3877551020408163
0.3979591836734694
0.40816326530612246
0.41836734693877553
0.42857142857142855
0.4387755102040816
0.4489795918367347
0.45918367346938777
0.46938775510204084
0.47959183673469385
0.4897959183673469
0.5
0.5102040816326531
0.5204081632653061
0.5306122448979592
0.5408163265306123
0.5510204081632653
0.5612244897959183
0.5714285714285714
0.5816326530612245
0.5918367346938775
0.6020408163265306
0.6122448979591837
0.6224489795918368
0.6326530612244898
0.6428571428571429
0.6530612244897959
0.6632653061224489
0.673469387755102
0.6836734693877551
0.6938775510204082
0.7040816326530612
0.7142857142857143
0.7244897959183674
0.7346938775510204
0.7448979591836735
0.7551020408163265
0.7653061224489796
0.7755102040816326
0.7857142857142857
0.7959183673469388
0.8061224489795918
0.8163265306122449
0.826530612244898
0.8367346938775511
0.8469387755102041
0.8571428571428571
0.8673469387755102
0.8775510204081632
0.8877551020408163
0.8979591836734694
0.9081632653061225
0.9183673469387755
0.9285714285714286
0.9387755102040817
0.9489795918367347
0.9591836734693877
0.9693877551020408
0.9795918367346939
0.9897959183673469
0.0
0.01020408163265306
0.02040816326530612
0.030612244897959183
0.04081632653061224
0.05102040816326531
0.061224489795918366
0.07142857142857142
0.08163265306122448
0.09183673469387756
0.10204081632653061
0.11224489795918367
0.12244897959183673
0.1326530612244898
0.14285714285714285
0.15306122448979592
0.16326530612244897
0.17346938775510204
0.1836734693877551
0.19387755102040816
0.20408163265306123
0.21428571428571427
0.22448979591836735
0.23469387755102042
0.24489795918367346
0.25510204081632654
0.2653061224489796
0.2755102040816326
0.2857142857142857
0.29591836734693877
0.30612244897959184
0.3163265306122449
0.32653061224489793
0.336734693877551
0.3469387755102041
0.35714285714285715
0.3673469387755102
0.37755102040816324
0.3877551020408163
0.3979591836734694
0.40816326530612246
0.41836734693877553
0.42857142857142855
0.4387755102040816
0.4489795918367347
0.45918367346938777
0.46938775510204084
0.47959183673469385
0.4897959183673469
0.5
0.5102040816326531
0.5204081632653061
0.5306122448979592
0.5408163265306123
0.5510204081632653
0.5612244897959183
0.5714285714285714
0.5816326530612245
0.5918367346938775
0.6020408163265306
0.6122448979591837
0.6224489795918368
0.6326530612244898
0.6428571428571429
0.6530612244897959
0.6632653061224489
0.673469387755102
0.6836734693877551
0.6938775510204082
0.7040816326530612
0.7142857142857143
0.7244897959183674
0.7346938775510204
0.7448979591836735
0.7551020408163265
0.7653061224489796
0.7755102040816326
0.7857142857142857
0.7959183673469388
0.8061224489795918
0.8163265306122449
0.826530612244898
0.8367346938775511
0.8469387755102041
0.8571428571428571
0.8673469387755102
0.8775510204081632
0.8877551020408163
0.8979591836734694
0.9081632653061225
0.9183673469387755
0.9285714285714286
0.9387755102040817
0.9489795918367347
0.9591836734693877
0.9693877551020408
0.9795918367346939
0.9897959183673469
0.0
0.01020408163265306
0.02040816326530612
0.030612244897959183
0.04081632653061224
0.05102040816326531
0.061224489795918366
0.07142857142857142
0.08163265306122448
0.09183673469387756
0.10204081632653061
0.11224489795918367
0.12244897959183673
0.1326530612244898
0.14285714285714285
0.15306122448979592
0.16326530612244897
0.17346938775510204
0.1836734693877551
0.19387755102040816
0.20408163265306123
0.21428571428571427
0.22448979591836735
0.23469387755102042
0.24489795918367346
0.25510204081632654
0.2653061224489796
0.2755102040816326
0.2857142857142857
0.29591836734693877
0.30612244897959184
0.3163265306122449
0.32653061224489793
0.336734693877551
0.3469387755102041
0.35714285714285715
0.3673469387755102
0.37755102040816324
0.3877551020408163
0.3979591836734694
0.40816326530612246
0.41836734693877553
0.42857142857142855
0.4387755102040816
0.4489795918367347
0.45918367346938777
0.46938775510204084
0.47959183673469385
0.4897959183673469
0.5
0.5102040816326531
0.5204081632653061
0.5306122448979592
0.5408163265306123
0.5510204081632653
0.5612244897959183
0.5714285714285714
0.5816326530612245
0.5918367346938775
0.6020408163265306
0.6122448979591837
0.6224489795918368
0.6326530612244898
0.6428571428571429
0.6530612244897959
0.6632653061224489
0.673469387755102
0.6836734693877551
0.6938775510204082
0.7040816326530612
0.7142857142857143
0.7244897959183674
0.7346938775510204
0.7448979591836735
0.7551020408163265
0.7653061224489796
0.7755102040816326
0.7857142857142857
0.7959183673469388
0.8061224489795918
0.8163265306122449
0.826530612244898
0.8367346938775511
0.8469387755102041
0.8571428571428571
0.8673469387755102
0.8775510204081632
0.8877551020408163
0.8979591836734694
0.9081632653061225
0.9183673469387755
0.9285714285714286
0.9387755102040817
0.9489795918367347
0.9591836734693877
0.9693877551020408
0.9795918367346939
0.9897959183673469
0.0
0.01020408163265306
0.02040816326530612
0.030612244897959183
0.04081632653061224
0.05102040816326531
0.061224489795918366
0.07142857142857142
0.08163265306122448
0.09183673469387756
0.10204081632653061
0.11224489795918367
0.12244897959183673
0.1326530612244898
0.14285714285714285
0.15306122448979592
0.16326530612244897
0.17346938775510204
0.1836734693877551
0.19387755102040816
0.20408163265306123
0.21428571428571427
0.22448979591836735
0.23469387755102042
0.24489795918367346
0.25510204081632654
0.2653061224489796
0.2755102040816326
0.2857142857142857
0.29591836734693877
0.30612244897959184
0.3163265306122449
0.32653061224489793
0.336734693877551
0.3469387755102041
0.35714285714285715
0.3673469387755102
0.37755102040816324
0.3877551020408163
0.3979591836734694
0.40816326530612246
0.41836734693877553
0.42857142857142855
0.4387755102040816
0.4489795918367347
0.45918367346938777
0.46938775510204084
0.47959183673469385
0.4897959183673469
0.5
0.5102040816326531
0.5204081632653061
0.5306122448979592
0.5408163265306123
0.5510204081632653
0.5612244897959183
0.5714285714285714
0.5816326530612245
0.5918367346938775
0.6020408163265306
0.6122448979591837
0.6224489795918368
0.6326530612244898
0.6428571428571429
0.6530612244897959
0.6632653061224489
0.673469387755102
0.6836734693877551
0.6938775510204082
0.7040816326530612
0.7142857142857143
0.7244897959183674
0.7346938775510204
0.7448979591836735
0.7551020408163265
0.7653061224489796
0.7755102040816326
0.7857142857142857
0.7959183673469388
0.8061224489795918
0.8163265306122449
0.826530612244898
0.8367346938775511
0.8469387755102041
0.8571428571428571
0.8673469387755102
0.8775510204081632
0.8877551020408163
0.8979591836734694
0.9081632653061225
0.9183673469387755
0.9285714285714286
0.9387755102040817
0.9489795918367347
0.9591836734693877
0.9693877551020408
0.9795918367346939
0.9897959183673469
0.0
0.01020408163265306
0.02040816326530612
0.030612244897959183
0.04081632653061224
0.05102040816326531
0.061224489795918366
0.07142857142857142
0.08163265306122448
0.09183673469387756
0.10204081632653061
0.11224489795918367
0.12244897959183673
0.1326530612244898
0.14285714285714285
0.15306122448979592
0.16326530612244897
0.17346938775510204
0.1836734693877551
0.19387755102040816
0.20408163265306123
0.21428571428571427
0.22448979591836735
0.23469387755102042
0.24489795918367346
0.25510204081632654
0.2653061224489796
0.2755102040816326
0.2857142857142857
0.29591836734693877
0.30612244897959184
0.3163265306122449
0.32653061224489793
0.336734693877551
0.3469387755102041
0.35714285714285715
0.3673469387755102
0.37755102040816324
0.3877551020408163
0.3979591836734694
0.40816326530612246
0.41836734693877553
0.42857142857142855
0.4387755102040816
0.4489795918367347
0.45918367346938777
0.46938775510204084
0.47959183673469385
0.4897959183673469
0.5
0.5102040816326531
0.5204081632653061
0.5306122448979592
0.5408163265306123
0.5510204081632653
0.5612244897959183
0.5714285714285714
0.5816326530612245
0.5918367346938775
0.6020408163265306
0.6122448979591837
0.6224489795918368
0.6326530612244898
0.6428571428571429
0.6530612244897959
0.6632653061224489
0.673469387755102
0.6836734693877551
0.6938775510204082
0.7040816326530612
0.7142857142857143
0.7244897959183674
0.7346938775510204
0.7448979591836735
0.7551020408163265
0.7653061224489796
0.7755102040816326
0.7857142857142857
0.7959183673469388
0.8061224489795918
0.8163265306122449
0.826530612244898
0.8367346938775511
0.8469387755102041
0.8571428571428571
0.8673469387755102
0.8775510204081632
0.8877551020408163
0.8979591836734694
0.9081632653061225
0.9183673469387755
0.9285714285714286
0.9387755102040817
0.9489795918367347
0.9591836734693877
0.9693877551020408
0.9795918367346939
0.9897959183673469
0.0
0.01020408163265306
0.02040816326530612
0.030612244897959183
0.04081632653061224
0.05102040816326531
0.061224489795918366
0.07142857142857142
0.08163265306122448
0.09183673469387756
0.10204081632653061
0.11224489795918367
0.12244897959183673
0.1326530612244898
0.14285714285714285
0.15306122448979592
0.16326530612244897
0.17346938775510204
0.1836734693877551
0.19387755102040816
0.20408163265306123
0.21428571428571427
0.22448979591836735
0.23469387755102042
0.24489795918367346
0.25510204081632654
0.2653061224489796
0.2755102040816326
0.2857142857142857
0.29591836734693877
0.30612244897959184
0.3163265306122449
0.32653061224489793
0.336734693877551
0.3469387755102041
0.35714285714285715
0.3673469387755102
0.37755102040816324
0.3877551020408163
0.3979591836734694
0.40816326530612246
0.41836734693877553
0.42857142857142855
0.4387755102040816
0.4489795918367347
0.45918367346938777
0.46938775510204084
0.47959183673469385
0.4897959183673469
0.5
0.5102040816326531
0.5204081632653061
0.5306122448979592
0.5408163265306123
0.5510204081632653
0.5612244897959183
0.5714285714285714
0.5816326530612245
0.5918367346938775
0.6020408163265306
0.6122448979591837
0.6224489795918368
0.6326530612244898
0.6428571428571429
0.6530612244897959
0.6632653061224489
0.673469387755102
0.6836734693877551
0.6938775510204082
0.7040816326530612
0.7142857142857143
0.7244897959183674
0.7346938775510204
0.7448979591836735
0.7551020408163265
0.7653061224489796
0.7755102040816326
0.7857142857142857
0.7959183673469388
0.8061224489795918
0.8163265306122449
0.826530612244898
0.8367346938775511
0.8469387755102041
0.8571428571428571
0.8673469387755102
0.8775510204081632
0.8877551020408163
0.8979591836734694
0.9081632653061225
0.9183673469387755
0.9285714285714286
0.9387755102040817
0.9489795918367347
0.9591836734693877
0.9693877551020408
0.9795918367346939
0.9897959183673469
0.0
0.01020408163265306
0.02040816326530612
0.030612244897959183
0.04081632653061224
0.05102040816326531
0.061224489795918366
0.07142857142857142
0.08163265306122448
0.09183673469387756
0.10204081632653061
0.11224489795918367
0.12244897959183673
0.1326530612244898
0.14285714285714285
0.15306122448979592
0.16326530612244897
0.17346938775510204
0.1836734693877551
0.19387755102040816
0.20408163265306123
0.21428571428571427
0.22448979591836735
0.23469387755102042
0.24489795918367346
0.25510204081632654
0.2653061224489796
0.2755102040816326
0.2857142857142857
0.29591836734693877
0.30612244897959184
0.3163265306122449
0.32653061224489793
0.336734693877551
0.3469387755102041
0.35714285714285715
0.3673469387755102
0.37755102040816324
0.3877551020408163
0.3979591836734694
0.40816326530612246
0.41836734693877553
0.42857142857142855
0.4387755102040816
0.4489795918367347
0.45918367346938777
0.46938775510204084
0.47959183673469385
0.4897959183673469
0.5
0.5102040816326531
0.5204081632653061
0.5306122448979592
0.5408163265306123
0.5510204081632653
0.5612244897959183
0.5714285714285714
0.5816326530612245
0.5918367346938775
0.6020408163265306
0.6122448979591837
0.6224489795918368
0.6326530612244898
0.6428571428571429
0.6530612244897959
0.6632653061224489
0.673469387755102
0.6836734693877551
0.6938775510204082
0.7040816326530612
0.7142857142857143
0.7244897959183674
0.7346938775510204
0.7448979591836735
0.7551020408163265
0.7653061224489796
0.7755102040816326
0.7857142857142857
0.7959183673469388
0.8061224489795918
0.8163265306122449
0.826530612244898
0.8367346938775511
0.8469387755102041
0.8571428571428571
0.8673469387755102
0.8775510204081632
0.8877551020408163
0.8979591836734694
0.9081632653061225
0.9183673469387755
0.9285714285714286
0.9387755102040817
0.9489795918367347
0.9591836734693877
0.9693877551020408
0.9795918367346939
0.9897959183673469
0.0
0.01020408163265306
0.02040816326530612
0.030612244897959183
0.04081632653061224
0.05102040816326531
0.061224489795918366
0.07142857142857142
0.08163265306122448
0.09183673469387756
0.10204081632653061
0.11224489795918367
0.12244897959183673
0.1326530612244898
0.14285714285714285
0.15306122448979592
0.16326530612244897
0.17346938775510204
0.1836734693877551
0.19387755102040816
0.20408163265306123
0.21428571428571427
0.22448979591836735
0.23469387755102042
0.24489795918367346
0.25510204081632654
0.2653061224489796
0.2755102040816326
0.2857142857142857
0.29591836734693877
0.30612244897959184
0.3163265306122449
0.32653061224489793
0.336734693877551
0.3469387755102041
0.35714285714285715
0.3673469387755102
0.37755102040816324
0.3877551020408163
0.3979591836734694
0.40816326530612246
0.41836734693877553
0.42857142857142855
0.4387755102040816
0.4489795918367347
0.45918367346938777
0.46938775510204084
0.47959183673469385
0.4897959183673469
0.5
0.5102040816326531
0.5204081632653061
0.5306122448979592
0.5408163265306123
0.5510204081632653
0.5612244897959183
0.5714285714285714
0.5816326530612245
0.5918367346938775
0.6020408163265306
0.6122448979591837
0.6224489795918368
0.6326530612244898
0.6428571428571429
0.6530612244897959
0.6632653061224489
0.673469387755102
0.6836734693877551
0.6938775510204082
0.7040816326530612
0.7142857142857143
0.7244897959183674
0.7346938775510204
0.7448979591836735
0.7551020408163265
0.7653061224489796
0.7755102040816326
0.7857142857142857
0.7959183673469388
0.8061224489795918
0.8163265306122449
0.826530612244898
0.8367346938775511
0.8469387755102041
0.8571428571428571
0.8673469387755102
0.8775510204081632
0.8877551020408163
0.8979591836734694
0.9081632653061225
0.9183673469387755
0.9285714285714286
0.9387755102040817
0.9489795918367347
0.9591836734693877
0.9693877551020408
0.9795918367346939
0.9897959183673469
0.0
0.01020408163265306
0.02040816326530612
0.030612244897959183
0.04081632653061224
0.05102040816326531
0.061224489795918366
0.07142857142857142
0.08163265306122448
0.09183673469387756
0.10204081632653061
0.11224489795918367
0.12244897959183673
0.1326530612244898
0.14285714285714285
0.15306122448979592
0.16326530612244897
0.17346938775510204
0.1836734693877551
0.19387755102040816
0.20408163265306123
0.21428571428571427
0.22448979591836735
0.23469387755102042
0.24489795918367346
0.25510204081632654
0.2653061224489796
0.2755102040816326
0.2857142857142857
0.29591836734693877
0.30612244897959184
0.3163265306122449
0.32653061224489793
0.336734693877551
0.3469387755102041
0.35714285714285715
0.3673469387755102
0.37755102040816324
0.3877551020408163
0.3979591836734694
0.40816326530612246
0.41836734693877553
0.42857142857142855
0.4387755102040816
0.4489795918367347
0.45918367346938777
0.46938775510204084
0.47959183673469385
0.4897959183673469
0.5
0.5102040816326531
0.5204081632653061
0.5306122448979592
0.5408163265306123
0.5510204081632653
0.5612244897959183
0.5714285714285714
0.5816326530612245
0.5918367346938775
0.6020408163265306
0.6122448979591837
0.6224489795918368
0.6326530612244898
0.6428571428571429
0.6530612244897959
0.6632653061224489
0.673469387755102
0.6836734693877551
0.6938775510204082
0.7040816326530612
0.7142857142857143
0.7244897959183674
0.7346938775510204
0.7448979591836735
0.7551020408163265
0.7653061224489796
0.7755102040816326
0.7857142857142857
0.7959183673469388
0.8061224489795918
0.8163265306122449
0.826530612244898
0.8367346938775511
0.8469387755102041
0.8571428571428571
0.8673469387755102
0.8775510204081632
0.8877551020408163
0.8979591836734694
0.9081632653061225
0.9183673469387755
0.9285714285714286
0.9387755102040817
0.9489795918367347
0.9591836734693877
0.9693877551020408
0.9795918367346939
0.9897959183673469
0.0
0.01020408163265306
0.02040816326530612
0.030612244897959183
0.04081632653061224
0.05102040816326531
0.061224489795918366
0.07142857142857142
0.08163265306122448
0.09183673469387756
0.10204081632653061
0.11224489795918367
0.12244897959183673
0.1326530612244898
0.14285714285714285
0.15306122448979592
0.16326530612244897
0.17346938775510204
0.1836734693877551
0.19387755102040816
0.20408163265306123
0.21428571428571427
0.22448979591836735
0.23469387755102042
0.24489795918367346
0.25510204081632654
0.2653061224489796
0.2755102040816326
0.2857142857142857
0.29591836734693877
0.30612244897959184
0.3163265306122449
0.32653061224489793
0.336734693877551
0.3469387755102041
0.35714285714285715
0.3673469387755102
0.37755102040816324
0.3877551020408163
0.3979591836734694
0.40816326530612246
0.41836734693877553
0.42857142857142855
0.4387755102040816
0.4489795918367347
0.45918367346938777
0.46938775510204084
0.47959183673469385
0.4897959183673469
0.5
0.5102040816326531
0.5204081632653061
0.5306122448979592
0.5408163265306123
0.5510204081632653
0.5612244897959183
0.5714285714285714
0.5816326530612245
0.5918367346938775
0.6020408163265306
0.6122448979591837
0.6224489795918368
0.6326530612244898
0.6428571428571429
0.6530612244897959
0.6632653061224489
0.673469387755102
0.6836734693877551
0.6938775510204082
0.7040816326530612
0.7142857142857143
0.7244897959183674
0.7346938775510204
0.7448979591836735
0.7551020408163265
0.7653061224489796
0.7755102040816326
0.7857142857142857
0.7959183673469388
0.8061224489795918
0.8163265306122449
0.826530612244898
0.8367346938775511
0.8469387755102041
0.8571428571428571
0.8673469387755102
0.8775510204081632
0.8877551020408163
0.8979591836734694
0.9081632653061225
0.9183673469387755
0.9285714285714286
0.9387755102040817
0.9489795918367347
0.9591836734693877
0.9693877551020408
0.9795918367346939
0.9897959183673469
0.0
0.01020408163265306
0.02040816326530612
0.030612244897959183
0.04081632653061224
0.05102040816326531
0.061224489795918366
0.07142857142857142
0.08163265306122448
0.09183673469387756
0.10204081632653061
0.11224489795918367
0.12244897959183673
0.1326530612244898
0.14285714285714285
0.15306122448979592
0.16326530612244897
0.17346938775510204
0.1836734693877551
0.19387755102040816
0.20408163265306123
0.21428571428571427
0.22448979591836735
0.23469387755102042
0.24489795918367346
0.25510204081632654
0.2653061224489796
0.2755102040816326
0.2857142857142857
0.29591836734693877
0.30612244897959184
0.3163265306122449
0.32653061224489793
0.336734693877551
0.3469387755102041
0.35714285714285715
0.3673469387755102
0.37755102040816324
0.3877551020408163
0.3979591836734694
0.40816326530612246
0.41836734693877553
0.42857142857142855
0.4387755102040816
0.4489795918367347
0.45918367346938777
0.46938775510204084
0.47959183673469385
0.4897959183673469
0.5
0.5102040816326531
0.5204081632653061
0.5306122448979592
0.5408163265306123
0.5510204081632653
0.5612244897959183
0.5714285714285714
0.5816326530612245
0.5918367346938775
0.6020408163265306
0.6122448979591837
0.6224489795918368
0.6326530612244898
0.6428571428571429
0.6530612244897959
0.6632653061224489
0.673469387755102
0.6836734693877551
0.6938775510204082
0.7040816326530612
0.7142857142857143
0.7244897959183674
0.7346938775510204
0.7448979591836735
0.7551020408163265
0.7653061224489796
0.7755102040816326
0.7857142857142857
0.7959183673469388
0.8061224489795918
0.8163265306122449
0.826530612244898
0.8367346938775511
0.8469387755102041
0.8571428571428571
0.8673469387755102
0.8775510204081632
0.8877551020408163
0.8979591836734694
0.9081632653061225
0.9183673469387755
0.9285714285714286
0.9387755102040817
0.9489795918367347
0.9591836734693877
0.9693877551020408
0.9795918367346939
0.9897959183673469
0.0
0.01020408163265306
0.02040816326530612
0.030612244897959183
0.04081632653061224
0.05102040816326531
0.061224489795918366
0.07142857142857142
0.08163265306122448
0.09183673469387756
0.10204081632653061
0.11224489795918367
0.12244897959183673
0.1326530612244898
0.14285714285714285
0.15306122448979592
0.16326530612244897
0.17346938775510204
0.1836734693877551
0.19387755102040816
0.20408163265306123
0.21428571428571427
0.22448979591836735
0.23469387755102042
0.24489795918367346
0.25510204081632654
0.2653061224489796
0.2755102040816326
0.2857142857142857
0.29591836734693877
0.30612244897959184
0.3163265306122449
0.32653061224489793
0.336734693877551
0.3469387755102041
0.35714285714285715
0.3673469387755102
0.37755102040816324
0.3877551020408163
0.3979591836734694
0.40816326530612246
0.41836734693877553
0.42857142857142855
0.4387755102040816
0.4489795918367347
0.45918367346938777
0.46938775510204084
0.47959183673469385
0.4897959183673469
0.5
0.5102040816326531
0.5204081632653061
0.5306122448979592
0.5408163265306123
0.5510204081632653
0.5612244897959183
0.5714285714285714
0.5816326530612245
0.5918367346938775
0.6020408163265306
0.6122448979591837
0.6224489795918368
0.6326530612244898
0.6428571428571429
0.6530612244897959
0.6632653061224489
0.673469387755102
0.6836734693877551
0.6938775510204082
0.7040816326530612
0.7142857142857143
0.7244897959183674
0.7346938775510204
0.7448979591836735
0.7551020408163265
0.7653061224489796
0.7755102040816326
0.7857142857142857
0.7959183673469388
0.8061224489795918
0.8163265306122449
0.826530612244898
0.8367346938775511
0.8469387755102041
0.8571428571428571
0.8673469387755102
0.8775510204081632
0.8877551020408163
0.8979591836734694
0.9081632653061225
0.9183673469387755
0.9285714285714286
0.9387755102040817
0.9489795918367347
0.9591836734693877
0.9693877551020408
0.9795918367346939
0.9897959183673469
0.0
0.01020408163265306
0.02040816326530612
0.030612244897959183
0.04081632653061224
0.05102040816326531
0.061224489795918366
0.07142857142857142
0.08163265306122448
0.09183673469387756
0.10204081632653061
0.11224489795918367
0.12244897959183673
0.1326530612244898
0.14285714285714285
0.15306122448979592
0.16326530612244897
0.17346938775510204
0.1836734693877551
0.19387755102040816
0.20408163265306123
0.21428571428571427
0.22448979591836735
0.23469387755102042
0.24489795918367346
0.25510204081632654
0.2653061224489796
0.2755102040816326
0.2857142857142857
0.29591836734693877
0.30612244897959184
0.3163265306122449
0.32653061224489793
0.336734693877551
0.3469387755102041
0.35714285714285715
0.3673469387755102
0.37755102040816324
0.3877551020408163
0.3979591836734694
0.40816326530612246
0.41836734693877553
0.42857142857142855
0.4387755102040816
0.4489795918367347
0.45918367346938777
0.46938775510204084
0.47959183673469385
0.4897959183673469
0.5
0.5102040816326531
0.5204081632653061
0.5306122448979592
0.5408163265306123
0.5510204081632653
0.5612244897959183
0.5714285714285714
0.5816326530612245
0.5918367346938775
0.6020408163265306
0.6122448979591837
0.6224489795918368
0.6326530612244898
0.6428571428571429
0.6530612244897959
0.6632653061224489
0.673469387755102
0.6836734693877551
0.6938775510204082
0.7040816326530612
0.7142857142857143
0.7244897959183674
0.7346938775510204
0.7448979591836735
0.7551020408163265
0.7653061224489796
0.7755102040816326
0.7857142857142857
0.7959183673469388
0.8061224489795918
0.8163265306122449
0.826530612244898
0.8367346938775511
0.8469387755102041
0.8571428571428571
0.8673469387755102
0.8775510204081632
0.8877551020408163
0.8979591836734694
0.9081632653061225
0.9183673469387755
0.9285714285714286
0.9387755102040817
0.9489795918367347
0.9591836734693877
0.9693877551020408
0.9795918367346939
0.9897959183673469
0.0
0.01020408163265306
0.02040816326530612
0.030612244897959183
0.04081632653061224
0.05102040816326531
0.061224489795918366
0.07142857142857142
0.08163265306122448
0.09183673469387756
0.10204081632653061
0.11224489795918367
0.12244897959183673
0.1326530612244898
0.14285714285714285
0.15306122448979592
0.16326530612244897
0.17346938775510204
0.1836734693877551
0.19387755102040816
0.20408163265306123
0.21428571428571427
0.22448979591836735
0.23469387755102042
0.24489795918367346
0.25510204081632654
0.2653061224489796
0.2755102040816326
0.2857142857142857
0.29591836734693877
0.30612244897959184
0.3163265306122449
0.32653061224489793
0.336734693877551
0.3469387755102041
0.35714285714285715
0.3673469387755102
0.37755102040816324
0.3877551020408163
0.3979591836734694
0.40816326530612246
0.41836734693877553
0.42857142857142855
0.4387755102040816
0.4489795918367347
0.45918367346938777
0.46938775510204084
0.47959183673469385
0.4897959183673469
0.5
0.5102040816326531
0.5204081632653061
0.5306122448979592
0.5408163265306123
0.5510204081632653
0.5612244897959183
0.5714285714285714
0.5816326530612245
0.5918367346938775
0.6020408163265306
0.6122448979591837
0.6224489795918368
0.6326530612244898
0.6428571428571429
0.6530612244897959
0.6632653061224489
0.673469387755102
0.6836734693877551
0.6938775510204082
0.7040816326530612
0.7142857142857143
0.7244897959183674
0.7346938775510204
0.7448979591836735
0.7551020408163265
0.7653061224489796
0.7755102040816326
0.7857142857142857
0.7959183673469388
0.8061224489795918
0.8163265306122449
0.826530612244898
0.8367346938775511
0.8469387755102041
0.8571428571428571
0.8673469387755102
0.8775510204081632
0.8877551020408163
0.8979591836734694
0.9081632653061225
0.9183673469387755
0.9285714285714286
0.9387755102040817
0.9489795918367347
0.9591836734693877
0.9693877551020408
0.9795918367346939
0.9897959183673469
0.0
0.01020408163265306
0.02040816326530612
0.030612244897959183
0.04081632653061224
0.05102040816326531
0.061224489795918366
0.07142857142857142
0.08163265306122448
0.09183673469387756
0.10204081632653061
0.11224489795918367
0.12244897959183673
0.1326530612244898
0.14285714285714285
0.15306122448979592
0.16326530612244897
0.17346938775510204
0.1836734693877551
0.19387755102040816
0.20408163265306123
0.21428571428571427
0.22448979591836735
0.23469387755102042
0.24489795918367346
0.25510204081632654
0.2653061224489796
0.2755102040816326
0.2857142857142857
0.29591836734693877
0.30612244897959184
0.3163265306122449
0.32653061224489793
0.336734693877551
0.3469387755102041
0.35714285714285715
0.3673469387755102
0.37755102040816324
0.3877551020408163
0.3979591836734694
0.40816326530612246
0.41836734693877553
0.42857142857142855
0.4387755102040816
0.4489795918367347
0.45918367346938777
0.46938775510204084
0.47959183673469385
0.4897959183673469
0.5
0.5102040816326531
0.5204081632653061
0.5306122448979592
0.5408163265306123
0.5510204081632653
0.5612244897959183
0.5714285714285714
0.5816326530612245
0.5918367346938775
0.6020408163265306
0.6122448979591837
0.6224489795918368
0.6326530612244898
0.6428571428571429
0.6530612244897959
0.6632653061224489
0.673469387755102
0.6836734693877551
0.6938775510204082
0.7040816326530612
0.7142857142857143
0.7244897959183674
0.7346938775510204
0.7448979591836735
0.7551020408163265
0.7653061224489796
0.7755102040816326
0.7857142857142857
0.7959183673469388
0.8061224489795918
0.8163265306122449
0.826530612244898
0.8367346938775511
0.8469387755102041
0.8571428571428571
0.8673469387755102
0.8775510204081632
0.8877551020408163
0.8979591836734694
0.9081632653061225
0.9183673469387755
0.9285714285714286
0.9387755102040817
0.9489795918367347
0.9591836734693877
0.9693877551020408
0.9795918367346939
0.9897959183673469
0.0
0.01020408163265306
0.02040816326530612
0.030612244897959183
0.04081632653061224
0.05102040816326531
0.061224489795918366
0.07142857142857142
0.08163265306122448
0.09183673469387756
0.10204081632653061
0.11224489795918367
0.12244897959183673
0.1326530612244898
0.14285714285714285
0.15306122448979592
0.16326530612244897
0.17346938775510204
0.1836734693877551
0.19387755102040816
0.20408163265306123
0.21428571428571427
0.22448979591836735
0.23469387755102042
0.24489795918367346
0.25510204081632654
0.2653061224489796
0.2755102040816326
0.2857142857142857
0.29591836734693877
0.30612244897959184
0.3163265306122449
0.32653061224489793
0.336734693877551
0.3469387755102041
0.35714285714285715
0.3673469387755102
0.37755102040816324
0.3877551020408163
0.3979591836734694
0.40816326530612246
0.41836734693877553
0.42857142857142855
0.4387755102040816
0.4489795918367347
0.45918367346938777
0.46938775510204084
0.47959183673469385
0.4897959183673469
0.5
0.5102040816326531
0.5204081632653061
0.5306122448979592
0.5408163265306123
0.5510204081632653
0.5612244897959183
0.5714285714285714
0.5816326530612245
0.5918367346938775
0.6020408163265306
0.6122448979591837
0.6224489795918368
0.6326530612244898
0.6428571428571429
0.6530612244897959
0.6632653061224489
0.673469387755102
0.6836734693877551
0.6938775510204082
0.7040816326530612
0.7142857142857143
0.7244897959183674
0.7346938775510204
0.7448979591836735
0.7551020408163265
0.7653061224489796
0.7755102040816326
0.7857142857142857
0.7959183673469388
0.8061224489795918
0.8163265306122449
0.826530612244898
0.8367346938775511
0.8469387755102041
0.8571428571428571
0.8673469387755102
0.8775510204081632
0.8877551020408163
0.8979591836734694
0.9081632653061225
0.9183673469387755
0.9285714285714286
0.9387755102040817
0.9489795918367347
0.9591836734693877
0.9693877551020408
0.9795918367346939
0.9897959183673469
0.0
0.01020408163265306
0.02040816326530612
0.030612244897959183
0.04081632653061224
0.05102040816326531
0.061224489795918366
0.07142857142857142
0.08163265306122448
0.09183673469387756
0.10204081632653061
0.11224489795918367
0.12244897959183673
0.1326530612244898
0.14285714285714285
0.15306122448979592
0.16326530612244897
0.17346938775510204
0.1836734693877551
0.19387755102040816
0.20408163265306123
0.21428571428571427
0.22448979591836735
0.23469387755102042
0.24489795918367346
0.25510204081632654
0.2653061224489796
0.2755102040816326
0.2857142857142857
0.29591836734693877
0.30612244897959184
0.3163265306122449
0.32653061224489793
0.336734693877551
0.3469387755102041
0.35714285714285715
0.3673469387755102
0.37755102040816324
0.3877551020408163
0.3979591836734694
0.40816326530612246
0.41836734693877553
0.42857142857142855
0.4387755102040816
0.4489795918367347
0.45918367346938777
0.46938775510204084
0.47959183673469385
0.4897959183673469
0.5
0.5102040816326531
0.5204081632653061
0.5306122448979592
0.5408163265306123
0.5510204081632653
0.5612244897959183
0.5714285714285714
0.5816326530612245
0.5918367346938775
0.6020408163265306
0.6122448979591837
0.6224489795918368
0.6326530612244898
0.6428571428571429
0.6530612244897959
0.6632653061224489
0.673469387755102
0.6836734693877551
0.6938775510204082
0.7040816326530612
0.7142857142857143
0.7244897959183674
0.7346938775510204
0.7448979591836735
0.7551020408163265
0.7653061224489796
0.7755102040816326
0.7857142857142857
0.7959183673469388
0.8061224489795918
0.8163265306122449
0.826530612244898
0.8367346938775511
0.8469387755102041
0.8571428571428571
0.8673469387755102
0.8775510204081632
0.8877551020408163
0.8979591836734694
0.9081632653061225
0.9183673469387755
0.9285714285714286
0.9387755102040817
0.9489795918367347
0.9591836734693877
0.9693877551020408
0.9795918367346939
0.9897959183673469
0.0
0.01020408163265306
0.02040816326530612
0.030612244897959183
0.04081632653061224
0.05102040816326531
0.061224489795918366
0.07142857142857142
0.08163265306122448
0.09183673469387756
0.10204081632653061
0.11224489795918367
0.12244897959183673
0.1326530612244898
0.14285714285714285
0.15306122448979592
0.16326530612244897
0.17346938775510204
0.1836734693877551
0.19387755102040816
0.20408163265306123
0.21428571428571427
0.22448979591836735
0.23469387755102042
0.24489795918367346
0.25510204081632654
0.2653061224489796
0.2755102040816326
0.2857142857142857
0.29591836734693877
0.30612244897959184
0.3163265306122449
0.32653061224489793
0.336734693877551
0.3469387755102041
0.35714285714285715
0.3673469387755102
0.37755102040816324
0.3877551020408163
0.3979591836734694
0.40816326530612246
0.41836734693877553
0.42857142857142855
0.4387755102040816
0.4489795918367347
0.45918367346938777
0.46938775510204084
0.47959183673469385
0.4897959183673469
0.5
0.5102040816326531
0.5204081632653061
0.5306122448979592
0.5408163265306123
0.5510204081632653
0.5612244897959183
0.5714285714285714
0.5816326530612245
0.5918367346938775
0.6020408163265306
0.6122448979591837
0.6224489795918368
0.6326530612244898
0.6428571428571429
0.6530612244897959
0.6632653061224489
0.673469387755102
0.6836734693877551
0.6938775510204082
0.7040816326530612
0.7142857142857143
0.7244897959183674
0.7346938775510204
0.7448979591836735
0.7551020408163265
0.7653061224489796
0.7755102040816326
0.7857142857142857
0.7959183673469388
0.8061224489795918
0.8163265306122449
0.826530612244898
0.8367346938775511
0.8469387755102041
0.8571428571428571
0.8673469387755102
0.8775510204081632
0.8877551020408163
0.8979591836734694
0.9081632653061225
0.9183673469387755
0.9285714285714286
0.9387755102040817
0.9489795918367347
0.9591836734693877
0.9693877551020408
0.9795918367346939
0.9897959183673469
0.0
0.01020408163265306
0.02040816326530612
0.030612244897959183
0.04081632653061224
0.05102040816326531
0.061224489795918366
0.07142857142857142
0.08163265306122448
0.09183673469387756
0.10204081632653061
0.11224489795918367
0.12244897959183673
0.1326530612244898
0.14285714285714285
0.15306122448979592
0.16326530612244897
0.17346938775510204
0.1836734693877551
0.19387755102040816
0.20408163265306123
0.21428571428571427
0.22448979591836735
0.23469387755102042
0.24489795918367346
0.25510204081632654
0.2653061224489796
0.2755102040816326
0.2857142857142857
0.29591836734693877
0.30612244897959184
0.3163265306122449
0.32653061224489793
0.336734693877551
0.3469387755102041
0.35714285714285715
0.3673469387755102
0.37755102040816324
0.3877551020408163
0.3979591836734694
0.40816326530612246
0.41836734693877553
0.42857142857142855
0.4387755102040816
0.4489795918367347
0.45918367346938777
0.46938775510204084
0.47959183673469385
0.4897959183673469
0.5
0.5102040816326531
0.5204081632653061
0.5306122448979592
0.5408163265306123
0.5510204081632653
0.5612244897959183
0.5714285714285714
0.5816326530612245
0.5918367346938775
0.6020408163265306
0.6122448979591837
0.6224489795918368
0.6326530612244898
0.6428571428571429
0.6530612244897959
0.6632653061224489
0.673469387755102
0.6836734693877551
0.6938775510204082
0.7040816326530612
0.7142857142857143
0.7244897959183674
0.7346938775510204
0.7448979591836735
0.7551020408163265
0.7653061224489796
0.7755102040816326
0.7857142857142857
0.7959183673469388
0.8061224489795918
0.8163265306122449
0.826530612244898
0.8367346938775511
0.8469387755102041
0.8571428571428571
0.8673469387755102
0.8775510204081632
0.8877551020408163
0.8979591836734694
0.9081632653061225
0.9183673469387755
0.9285714285714286
0.9387755102040817
0.9489795918367347
0.9591836734693877
0.9693877551020408
0.9795918367346939
0.9897959183673469
0.0
0.01020408163265306
0.02040816326530612
0.030612244897959183
0.04081632653061224
0.05102040816326531
0.061224489795918366
0.07142857142857142
0.08163265306122448
0.09183673469387756
0.10204081632653061
0.11224489795918367
0.12244897959183673
0.1326530612244898
0.14285714285714285
0.15306122448979592
0.16326530612244897
0.17346938775510204
0.1836734693877551
0.19387755102040816
0.20408163265306123
0.21428571428571427
0.22448979591836735
0.23469387755102042
0.24489795918367346
0.25510204081632654
0.2653061224489796
0.2755102040816326
0.2857142857142857
0.29591836734693877
0.30612244897959184
0.3163265306122449
0.32653061224489793
0.336734693877551
0.3469387755102041
0.35714285714285715
0.3673469387755102
0.37755102040816324
0.3877551020408163
0.3979591836734694
0.40816326530612246
0.41836734693877553
0.42857142857142855
0.4387755102040816
0.4489795918367347
0.45918367346938777
0.46938775510204084
0.47959183673469385
0.4897959183673469
0.5
0.5102040816326531
0.5204081632653061
0.5306122448979592
0.5408163265306123
0.5510204081632653
0.5612244897959183
0.5714285714285714
0.5816326530612245
0.5918367346938775
0.6020408163265306
0.6122448979591837
0.6224489795918368
0.6326530612244898
0.6428571428571429
0.6530612244897959
0.6632653061224489
0.673469387755102
0.6836734693877551
0.6938775510204082
0.7040816326530612
0.7142857142857143
0.7244897959183674
0.7346938775510204
0.7448979591836735
0.7551020408163265
0.7653061224489796
0.7755102040816326
0.7857142857142857
0.7959183673469388
0.8061224489795918
0.8163265306122449
0.826530612244898
0.8367346938775511
0.8469387755102041
0.8571428571428571
0.8673469387755102
0.8775510204081632
0.8877551020408163
0.8979591836734694
0.9081632653061225
0.9183673469387755
0.9285714285714286
0.9387755102040817
0.9489795918367347
0.9591836734693877
0.9693877551020408
0.9795918367346939
0.9897959183673469
0.0
0.01020408163265306
0.02040816326530612
0.030612244897959183
0.04081632653061224
0.05102040816326531
0.061224489795918366
0.07142857142857142
0.08163265306122448
0.09183673469387756
0.10204081632653061
0.11224489795918367
0.12244897959183673
0.1326530612244898
0.14285714285714285
0.15306122448979592
0.16326530612244897
0.17346938775510204
0.1836734693877551
0.19387755102040816
0.20408163265306123
0.21428571428571427
0.22448979591836735
0.23469387755102042
0.24489795918367346
0.25510204081632654
0.2653061224489796
0.2755102040816326
0.2857142857142857
0.29591836734693877
0.30612244897959184
0.3163265306122449
0.32653061224489793
0.336734693877551
0.3469387755102041
0.35714285714285715
0.3673469387755102
0.37755102040816324
0.3877551020408163
0.3979591836734694
0.40816326530612246
0.41836734693877553
0.42857142857142855
0.4387755102040816
0.4489795918367347
0.45918367346938777
0.46938775510204084
0.47959183673469385
0.4897959183673469
0.5
0.5102040816326531
0.5204081632653061
0.5306122448979592
0.5408163265306123
0.5510204081632653
0.5612244897959183
0.5714285714285714
0.5816326530612245
0.5918367346938775
0.6020408163265306
0.6122448979591837
0.6224489795918368
0.6326530612244898
0.6428571428571429
0.6530612244897959
0.6632653061224489
0.673469387755102
0.6836734693877551
0.6938775510204082
0.7040816326530612
0.7142857142857143
0.7244897959183674
0.7346938775510204
0.7448979591836735
0.7551020408163265
0.7653061224489796
0.7755102040816326
0.7857142857142857
0.7959183673469388
0.8061224489795918
0.8163265306122449
0.826530612244898
0.8367346938775511
0.8469387755102041
0.8571428571428571
0.8673469387755102
0.8775510204081632
0.8877551020408163
0.8979591836734694
0.9081632653061225
0.9183673469387755
0.9285714285714286
0.9387755102040817
0.9489795918367347
0.9591836734693877
0.9693877551020408
0.9795918367346939
0.9897959183673469
0.0
0.01020408163265306
0.02040816326530612
0.030612244897959183
0.04081632653061224
0.05102040816326531
0.061224489795918366
0.07142857142857142
0.08163265306122448
0.09183673469387756
0.10204081632653061
0.11224489795918367
0.12244897959183673
0.1326530612244898
0.14285714285714285
0.15306122448979592
0.16326530612244897
0.17346938775510204
0.1836734693877551
0.19387755102040816
0.20408163265306123
0.21428571428571427
0.22448979591836735
0.23469387755102042
0.24489795918367346
0.25510204081632654
0.2653061224489796
0.2755102040816326
0.2857142857142857
0.29591836734693877
0.30612244897959184
0.3163265306122449
0.32653061224489793
0.336734693877551
0.3469387755102041
0.35714285714285715
0.3673469387755102
0.37755102040816324
0.3877551020408163
0.3979591836734694
0.40816326530612246
0.41836734693877553
0.42857142857142855
0.4387755102040816
0.4489795918367347
0.45918367346938777
0.46938775510204084
0.47959183673469385
0.4897959183673469
0.5
0.5102040816326531
0.5204081632653061
0.5306122448979592
0.5408163265306123
0.5510204081632653
0.5612244897959183
0.5714285714285714
0.5816326530612245
0.5918367346938775
0.6020408163265306
0.6122448979591837
0.6224489795918368
0.6326530612244898
0.6428571428571429
0.6530612244897959
0.6632653061224489
0.673469387755102
0.6836734693877551
0.6938775510204082
0.7040816326530612
0.7142857142857143
0.7244897959183674
0.7346938775510204
0.7448979591836735
0.7551020408163265
0.7653061224489796
0.7755102040816326
0.7857142857142857
0.7959183673469388
0.8061224489795918
0.8163265306122449
0.826530612244898
0.8367346938775511
0.8469387755102041
0.8571428571428571
0.8673469387755102
0.8775510204081632
0.8877551020408163
0.8979591836734694
0.9081632653061225
0.9183673469387755
0.9285714285714286
0.9387755102040817
0.9489795918367347
0.9591836734693877
0.9693877551020408
0.9795918367346939
0.9897959183673469
0.0
0.010228435049437436
0.020456870098874872
0.03068530514831231
0.040913740197749744
0.05114217524718718
0.06137061029662462
0.07159904534606205
0.08182748039549949
0.09205591544493692
0.10228435049437436
0.11251278554381179
0.12274122059324924
0.13296965564268667
0.1431980906921241
0.15342652574156154
0.16365496079099898
0.1738833958404364
0.18411183088987385
0.19434026593931128
0.20456870098874871
0.21479713603818615
0.22502557108762358
0.23525400613706102
0.24548244118649848
0.2557108762359359
0.26593931128537335
0.2761677463348108
0.2863961813842482
0.29662461643368565
0.3068530514831231
0.3170814865325605
0.32730992158199795
0.3375383566314354
0.3477667916808728
0.35799522673031026
0.3682236617797477
0.3784520968291851
0.38868053187862256
0.39890896692806
0.40913740197749743
0.41936583702693486
0.4295942720763723
0.43982270712580973
0.45005114217524717
0.4602795772246846
0.47050801227412203
0.48073644732355947
0.49096488237299696
0.5011933174224343
0.5114217524718718
0.5216501875213092
0.5318786225707467
0.5421070576201841
0.5523354926696216
0.5625639277190589
0.5727923627684964
0.5830207978179338
0.5932492328673713
0.6034776679168087
0.6137061029662462
0.6239345380156835
0.634162973065121
0.6443914081145584
0.6546198431639959
0.6648482782134334
0.6750767132628708
0.6853051483123083
0.6955335833617456
0.7057620184111831
0.7159904534606205
0.726218888510058
0.7364473235594954
0.7466757586089329
0.7569041936583703
0.7671326287078077
0.7773610637572451
0.7875894988066826
0.79781793385612
0.8080463689055575
0.8182748039549949
0.8285032390044323
0.8387316740538697
0.8489601091033072
0.8591885441527446
0.8694169792021821
0.8796454142516195
0.889873849301057
0.9001022843504943
0.9103307193999318
0.9205591544493692
0.9307875894988067
0.9410160245482441
0.9512444595976816
0.9614728946471189
0.9717013296965564
0.9819297647459939
0.9921581997954313
0.0
0.010228435049437436
0.020456870098874872
0.03068530514831231
0.040913740197749744
0.05114217524718718
0.06137061029662462
0.07159904534606205
0.08182748039549949
0.09205591544493692
0.10228435049437436
0.11251278554381179
0.12274122059324924
0.13296965564268667
0.1431980906921241
0.15342652574156154
0.16365496079099898
0.1738833958404364
0.18411183088987385
0.19434026593931128
0.20456870098874871
0.21479713603818615
0.22502557108762358
0.23525400613706102
0.24548244118649848
0.2557108762359359
0.26593931128537335
0.2761677463348108
0.2863961813842482
0.29662461643368565
0.3068530514831231
0.3170814865325605
0.32730992158199795
0.3375383566314354
0.3477667916808728
0.35799522673031026
0.3682236617797477
0.3784520968291851
0.38868053187862256
0.39890896692806
0.40913740197749743
0.41936583702693486
0.4295942720763723
0.43982270712580973
0.45005114217524717
0.4602795772246846
0.47050801227412203
0.48073644732355947
0.49096488237299696
0.5011933174224343
0.5114217524718718
0.5216501875213092
0.5318786225707467
0.5421070576201841
0.5523354926696216
0.5625639277190589
0.5727923627684964
0.5830207978179338
0.5932492328673713
0.6034776679168087
0.6137061029662462
0.6239345380156835
0.634162973065121
0.6443914081145584
0.6546198431639959
0.6648482782134334
0.6750767132628708
0.6853051483123083
0.6955335833617456
0.7057620184111831
0.7159904534606205
0.726218888510058
0.7364473235594954
0.7466757586089329
0.7569041936583703
0.7671326287078077
0.7773610637572451
0.7875894988066826
0.79781793385612
0.8080463689055575
0.8182748039549949
0.8285032390044323
0.8387316740538697
0.8489601091033072
0.8591885441527446
0.8694169792021821
0.8796454142516195
0.889873849301057
0.9001022843504943
0.9103307193999318
0.9205591544493692
0.9307875894988067
0.9410160245482441
0.9512444595976816
0.9614728946471189
0.9717013296965564
0.9819297647459939
0.9921581997954313
0.0
0.010228435049437436
0.020456870098874872
0.03068530514831231
0.040913740197749744
0.05114217524718718
0.06137061029662462
0.07159904534606205
0.08182748039549949
0.09205591544493692
0.10228435049437436
0.11251278554381179
0.0
0.010228435049437436
0.020456870098874872
0.03068530514831231
0.040913740197749744
0.05114217524718718
0.06137061029662462
0.07159904534606205
0.08182748039549949
0.09205591544493692
0.10228435049437436
0.11251278554381179
0.12274122059324924
0.13296965564268667
0.1431980906921241
0.15342652574156154
0.16365496079099898
0.1738833958404364
0.18411183088987385
0.19434026593931128
0.20456870098874871
0.21479713603818615
0.22502557108762358
0.23525400613706102
0.24548244118649848
0.2557108762359359
0.26593931128537335
0.2761677463348108
0.2863961813842482
0.29662461643368565
0.3068530514831231
0.3170814865325605
0.32730992158199795
0.3375383566314354
0.3477667916808728
0.35799522673031026
0.3682236617797477
0.3784520968291851
0.38868053187862256
0.39890896692806
0.40913740197749743
0.41936583702693486
0.4295942720763723
0.43982270712580973
0.45005114217524717
0.4602795772246846
0.47050801227412203
0.48073644732355947
0.49096488237299696
0.5011933174224343
0.5114217524718718
0.5216501875213092
0.5318786225707467
0.5421070576201841
0.5523354926696216
0.5625639277190589
0.5727923627684964
0.5830207978179338
0.5932492328673713
0.6034776679168087
0.6137061029662462
0.6239345380156835
0.634162973065121
0.6443914081145584
0.6546198431639959
0.6648482782134334
0.6750767132628708
0.6853051483123083
0.6955335833617456
0.7057620184111831
0.7159904534606205
0.726218888510058
0.7364473235594954
0.7466757586089329
0.7569041936583703
0.7671326287078077
0.7773610637572451
0.7875894988066826
0.79781793385612
0.8080463689055575
0.8182748039549949
0.8285032390044323
0.8387316740538697
0.8489601091033072
0.8591885441527446
0.8694169792021821
0.8796454142516195
0.889873849301057
0.9001022843504943
0.9103307193999318
0.9205591544493692
0.9307875894988067
0.9410160245482441
0.9512444595976816
0.9614728946471189
0.9717013296965564
0.9819297647459939
0.9921581997954313
0.0
0.010228435049437436
0.020456870098874872
0.03068530514831231
0.040913740197749744
0.05114217524718718
0.06137061029662462
0.07159904534606205
0.08182748039549949
0.09205591544493692
0.10228435049437436
0.11251278554381179
0.12274122059324924
0.13296965564268667
0.1431980906921241
0.15342652574156154
0.16365496079099898
0.1738833958404364
0.18411183088987385
0.19434026593931128
0.20456870098874871
0.21479713603818615
0.22502557108762358
0.23525400613706102
0.24548244118649848
0.2557108762359359
0.26593931128537335
0.2761677463348108
0.2863961813842482
0.29662461643368565
0.3068530514831231
0.3170814865325605
0.32730992158199795
0.3375383566314354
0.3477667916808728
0.35799522673031026
0.3682236617797477
0.3784520968291851
0.38868053187862256
0.39890896692806
0.40913740197749743
0.41936583702693486
0.4295942720763723
0.43982270712580973
0.45005114217524717
0.4602795772246846
0.47050801227412203
0.48073644732355947
0.49096488237299696
0.5011933174224343
0.5114217524718718
0.5216501875213092
0.5318786225707467
0.5421070576201841
0.5523354926696216
0.5625639277190589
0.5727923627684964
0.5830207978179338
0.5932492328673713
0.6034776679168087
0.6137061029662462
0.6239345380156835
0.634162973065121
0.6443914081145584
0.6546198431639959
0.6648482782134334
0.6750767132628708
0.6853051483123083
0.6955335833617456
0.7057620184111831
0.7159904534606205
0.726218888510058
0.7364473235594954
0.7466757586089329
0.7569041936583703
0.7671326287078077
0.7773610637572451
0.7875894988066826
0.79781793385612
0.8080463689055575
0.8182748039549949
0.8285032390044323
0.8387316740538697
0.8489601091033072
0.8591885441527446
0.8694169792021821
0.8796454142516195
0.889873849301057
0.9001022843504943
0.9103307193999318
0.9205591544493692
0.9307875894988067
0.9410160245482441
0.9512444595976816
0.9614728946471189
0.9717013296965564
0.9819297647459939
0.9921581997954313
0.0
0.010228435049437436
0.020456870098874872
0.03068530514831231
0.040913740197749744
0.05114217524718718
0.06137061029662462
0.07159904534606205
0.08182748039549949
0.09205591544493692
0.10228435049437436
0.11251278554381179
0.12274122059324924
0.13296965564268667
0.1431980906921241
0.15342652574156154
0.16365496079099898
0.1738833958404364
0.18411183088987385
0.19434026593931128
0.20456870098874871
0.21479713603818615
0.22502557108762358
0.23525400613706102
0.24548244118649848
0.2557108762359359
0.26593931128537335
0.2761677463348108
0.2863961813842482
0.29662461643368565
0.3068530514831231
0.3170814865325605
0.32730992158199795
0.3375383566314354
0.3477667916808728
0.35799522673031026
0.3682236617797477
0.3784520968291851
0.38868053187862256
0.39890896692806
0.40913740197749743
0.41936583702693486
0.4295942720763723
0.43982270712580973
0.45005114217524717
0.4602795772246846
0.47050801227412203
0.48073644732355947
0.49096488237299696
0.5011933174224343
0.5114217524718718
0.5216501875213092
0.5318786225707467
0.5421070576201841
0.5523354926696216
0.5625639277190589
0.5727923627684964
0.5830207978179338
0.5932492328673713
0.6034776679168087
0.6137061029662462
0.6239345380156835
0.634162973065121
0.6443914081145584
0.6546198431639959
0.6648482782134334
0.6750767132628708
0.6853051483123083
0.6955335833617456
0.7057620184111831
0.7159904534606205
0.726218888510058
0.7364473235594954
0.7466757586089329
0.7569041936583703
0.7671326287078077
0.7773610637572451
0.7875894988066826
0.79781793385612
0.8080463689055575
0.8182748039549949
0.8285032390044323
0.8387316740538697
0.8489601091033072
0.8591885441527446
0.8694169792021821
0.8796454142516195
0.889873849301057
0.9001022843504943
0.9103307193999318
0.9205591544493692
0.9307875894988067
0.9410160245482441
0.9512444595976816
0.9614728946471189
0.9717013296965564
0.9819297647459939
0.9921581997954313
0.0
0.010228435049437436
0.020456870098874872
0.03068530514831231
0.040913740197749744
0.0
0.1
0.2
0.3
0.4
0.5
0.6
0.7
0.8
0.9
0.0
0.010224948875255624
0.02044989775051125
0.03067484662576687
0.0408997955010225
0.05112474437627812
0.06134969325153374
0.07157464212678936
0.081799591002045
0.09202453987730061
0.10224948875255624
0.11247443762781185
0.12269938650306748
0.1329243353783231
0.14314928425357873
0.15337423312883436
0.16359918200409
0.1738241308793456
0.18404907975460122
0.19427402862985685
0.20449897750511248
0.2147239263803681
0.2249488752556237
0.23517382413087934
0.24539877300613497
0.2556237218813906
0.2658486707566462
0.27607361963190186
0.28629856850715746
0.2965235173824131
0.3067484662576687
0.3169734151329243
0.32719836400818
0.3374233128834356
0.3476482617586912
0.35787321063394684
0.36809815950920244
0.3783231083844581
0.3885480572597137
0.3987730061349693
0.40899795501022496
0.41922290388548056
0.4294478527607362
0.4396728016359918
0.4498977505112474
0.4601226993865031
0.4703476482617587
0.48057259713701433
0.49079754601226994
0.5010224948875256
0.5112474437627812
0.5214723926380368
0.5316973415132924
0.5419222903885481
0.5521472392638037
0.5623721881390593
0.5725971370143149
0.5828220858895705
0.5930470347648262
0.6032719836400818
0.6134969325153374
0.623721881390593
0.6339468302658486
0.6441717791411042
0.65439672801636
0.6646216768916156
0.6748466257668712
0.6850715746421268
0.6952965235173824
0.7055214723926381
0.7157464212678937
0.7259713701431493
0.7361963190184049
0.7464212678936605
0.7566462167689162
0.7668711656441718
0.7770961145194274
0.787321063394683
0.7975460122699386
0.8077709611451943
0.8179959100204499
0.8282208588957055
0.8384458077709611
0.8486707566462167
0.8588957055214724
0.869120654396728
0.8793456032719836
0.8895705521472392
0.8997955010224948
0.9100204498977505
0.9202453987730062
0.9304703476482618
0.9406952965235174
0.950920245398773
0.9611451942740287
0.9713701431492843
0.9815950920245399
0.9918200408997955
0.0
0.010224948875255624
0.02044989775051125
0.03067484662576687
0.0408997955010225
0.05112474437627812
0.06134969325153374
0.07157464212678936
0.081799591002045
0.09202453987730061
0.10224948875255624
0.11247443762781185
0.12269938650306748
0.1329243353783231
0.14314928425357873
0.15337423312883436
0.16359918200409
0.1738241308793456
0.18404907975460122
0.19427402862985685
0.20449897750511248
0.2147239263803681
0.2249488752556237
0.23517382413087934
0.24539877300613497
0.2556237218813906
0.2658486707566462
0.27607361963190186
0.28629856850715746
0.2965235173824131
0.3067484662576687
0.3169734151329243
0.32719836400818
0.3374233128834356
0.3476482617586912
0.35787321063394684
0.36809815950920244
0.3783231083844581
0.3885480572597137
0.3987730061349693
0.40899795501022496
0.41922290388548056
0.4294478527607362
0.4396728016359918
0.4498977505112474
0.4601226993865031
0.4703476482617587
0.48057259713701433
0.49079754601226994
0.5010224948875256
0.5112474437627812
0.5214723926380368
0.5316973415132924
0.5419222903885481
0.5521472392638037
0.5623721881390593
0.5725971370143149
0.5828220858895705
0.5930470347648262
0.6032719836400818
0.6134969325153374
0.623721881390593
0.6339468302658486
0.6441717791411042
0.65439672801636
0.6646216768916156
0.6748466257668712
0.6850715746421268
0.6952965235173824
0.7055214723926381
0.7157464212678937
0.7259713701431493
0.7361963190184049
0.7464212678936605
0.7566462167689162
0.7668711656441718
0.7770961145194274
0.787321063394683
0.7975460122699386
0.8077709611451943
0.8179959100204499
0.8282208588957055
0.8384458077709611
0.8486707566462167
0.8588957055214724
0.869120654396728
0.8793456032719836
0.8895705521472392
0.8997955010224948
0.9100204498977505
0.9202453987730062
0.9304703476482618
0.9406952965235174
0.950920245398773
0.9611451942740287
0.9713701431492843
0.9815950920245399
0.9918200408997955
0.0
0.010224948875255624
0.02044989775051125
0.03067484662576687
0.0408997955010225
0.05112474437627812
0.06134969325153374
0.07157464212678936
0.081799591002045
0.09202453987730061
0.10224948875255624
0.11247443762781185
0.12269938650306748
0.1329243353783231
0.14314928425357873
0.15337423312883436
0.16359918200409
0.1738241308793456
0.18404907975460122
0.19427402862985685
0.20449897750511248
0.2147239263803681
0.2249488752556237
0.23517382413087934
0.24539877300613497
0.2556237218813906
0.2658486707566462
0.27607361963190186
0.28629856850715746
0.2965235173824131
0.3067484662576687
0.3169734151329243
0.32719836400818
0.3374233128834356
0.3476482617586912
0.35787321063394684
0.36809815950920244
0.3783231083844581
0.3885480572597137
0.3987730061349693
0.40899795501022496
0.41922290388548056
0.4294478527607362
0.4396728016359918
0.4498977505112474
0.4601226993865031
0.4703476482617587
0.48057259713701433
0.49079754601226994
0.5010224948875256
0.5112474437627812
0.5214723926380368
0.5316973415132924
0.5419222903885481
0.5521472392638037
0.5623721881390593
0.5725971370143149
0.5828220858895705
0.5930470347648262
0.6032719836400818
0.6134969325153374
0.623721881390593
0.6339468302658486
0.6441717791411042
0.65439672801636
0.6646216768916156
0.6748466257668712
0.6850715746421268
0.6952965235173824
0.7055214723926381
0.7157464212678937
0.7259713701431493
0.7361963190184049
0.7464212678936605
0.7566462167689162
0.7668711656441718
0.7770961145194274
0.787321063394683
0.7975460122699386
0.8077709611451943
0.8179959100204499
0.8282208588957055
0.8384458077709611
0.8486707566462167
0.8588957055214724
0.869120654396728
0.8793456032719836
0.8895705521472392
0.8997955010224948
0.9100204498977505
0.9202453987730062
0.9304703476482618
0.9406952965235174
0.950920245398773
0.9611451942740287
0.9713701431492843
0.9815950920245399
0.9918200408997955
0.0
0.010224948875255624
0.02044989775051125
0.03067484662576687
0.0408997955010225
0.05112474437627812
0.06134969325153374
0.07157464212678936
0.081799591002045
0.09202453987730061
0.10224948875255624
0.11247443762781185
0.12269938650306748
0.1329243353783231
0.14314928425357873
0.15337423312883436
0.16359918200409
0.1738241308793456
0.18404907975460122
0.19427402862985685
0.20449897750511248
0.2147239263803681
0.2249488752556237
0.23517382413087934
0.24539877300613497
0.2556237218813906
0.2658486707566462
0.27607361963190186
0.28629856850715746
0.2965235173824131
0.3067484662576687
0.3169734151329243
0.32719836400818
0.3374233128834356
0.3476482617586912
0.35787321063394684
0.36809815950920244
0.3783231083844581
0.3885480572597137
0.3987730061349693
0.40899795501022496
0.41922290388548056
0.4294478527607362
0.4396728016359918
0.4498977505112474
0.4601226993865031
0.4703476482617587
0.48057259713701433
0.49079754601226994
0.5010224948875256
0.5112474437627812
0.5214723926380368
0.5316973415132924
0.5419222903885481
0.5521472392638037
0.5623721881390593
0.5725971370143149
0.5828220858895705
0.5930470347648262
0.6032719836400818
0.6134969325153374
0.623721881390593
0.6339468302658486
0.6441717791411042
0.65439672801636
0.6646216768916156
0.6748466257668712
0.6850715746421268
0.6952965235173824
0.7055214723926381
0.7157464212678937
0.7259713701431493
0.7361963190184049
0.7464212678936605
0.7566462167689162
0.7668711656441718
0.7770961145194274
0.787321063394683
0.7975460122699386
0.8077709611451943
0.8179959100204499
0.8282208588957055
0.8384458077709611
0.8486707566462167
0.8588957055214724
0.869120654396728
0.8793456032719836
0.8895705521472392
0.8997955010224948
0.9100204498977505
0.9202453987730062
0.9304703476482618
0.9406952965235174
0.950920245398773
0.9611451942740287
0.9713701431492843
0.9815950920245399
0.9918200408997955
0.0
0.010224948875255624
0.02044989775051125
0.03067484662576687
0.0408997955010225
0.05112474437627812
0.06134969325153374
0.07157464212678936
0.081799591002045
0.09202453987730061
0.10224948875255624
0.11247443762781185
0.12269938650306748
0.1329243353783231
0.14314928425357873
0.15337423312883436
0.16359918200409
0.1738241308793456
0.18404907975460122
0.19427402862985685
0.20449897750511248
0.2147239263803681
0.2249488752556237
0.23517382413087934
0.24539877300613497
0.2556237218813906
0.2658486707566462
0.27607361963190186
0.28629856850715746
0.2965235173824131
0.3067484662576687
0.3169734151329243
0.32719836400818
0.3374233128834356
0.3476482617586912
0.35787321063394684
0.36809815950920244
0.3783231083844581
0.3885480572597137
0.3987730061349693
0.40899795501022496
0.41922290388548056
0.4294478527607362
0.4396728016359918
0.4498977505112474
0.4601226993865031
0.4703476482617587
0.48057259713701433
0.49079754601226994
0.5010224948875256
0.5112474437627812
0.5214723926380368
0.5316973415132924
0.5419222903885481
0.5521472392638037
0.5623721881390593
0.5725971370143149
0.5828220858895705
0.5930470347648262
0.6032719836400818
0.6134969325153374
0.623721881390593
0.6339468302658486
0.6441717791411042
0.65439672801636
0.6646216768916156
0.6748466257668712
0.6850715746421268
0.6952965235173824
0.7055214723926381
0.7157464212678937
0.7259713701431493
0.7361963190184049
0.7464212678936605
0.7566462167689162
0.7668711656441718
0.7770961145194274
0.787321063394683
0.7975460122699386
0.8077709611451943
0.8179959100204499
0.8282208588957055
0.8384458077709611
0.8486707566462167
0.8588957055214724
0.869120654396728
0.8793456032719836
0.8895705521472392
0.8997955010224948
0.9100204498977505
0.9202453987730062
0.9304703476482618
0.9406952965235174
0.950920245398773
0.9611451942740287
0.9713701431492843
0.9815950920245399
0.9918200408997955
0.0
0.010224948875255624
0.02044989775051125
0.03067484662576687
0.0408997955010225
0.05112474437627812
0.06134969325153374
0.07157464212678936
0.081799591002045
0.09202453987730061
0.10224948875255624
0.11247443762781185
0.12269938650306748
0.1329243353783231
0.14314928425357873
0.15337423312883436
0.16359918200409
0.1738241308793456
0.18404907975460122
0.19427402862985685
0.20449897750511248
0.2147239263803681
0.2249488752556237
0.23517382413087934
0.24539877300613497
0.2556237218813906
0.2658486707566462
0.27607361963190186
0.28629856850715746
0.2965235173824131
0.3067484662576687
0.3169734151329243
0.32719836400818
0.3374233128834356
0.3476482617586912
0.35787321063394684
0.36809815950920244
0.3783231083844581
0.3885480572597137
0.3987730061349693
0.40899795501022496
0.41922290388548056
0.4294478527607362
0.4396728016359918
0.4498977505112474
0.4601226993865031
0.4703476482617587
0.48057259713701433
0.49079754601226994
0.5010224948875256
0.5112474437627812
0.5214723926380368
0.5316973415132924
0.5419222903885481
0.5521472392638037
0.5623721881390593
0.5725971370143149
0.5828220858895705
0.5930470347648262
0.6032719836400818
0.6134969325153374
0.623721881390593
0.6339468302658486
0.6441717791411042
0.65439672801636
0.6646216768916156
0.6748466257668712
0.6850715746421268
0.6952965235173824
0.7055214723926381
0.7157464212678937
0.7259713701431493
0.7361963190184049
0.7464212678936605
0.7566462167689162
0.7668711656441718
0.7770961145194274
0.787321063394683
0.7975460122699386
0.8077709611451943
0.8179959100204499
0.8282208588957055
0.8384458077709611
0.8486707566462167
0.8588957055214724
0.869120654396728
0.8793456032719836
0.8895705521472392
0.8997955010224948
0.9100204498977505
0.9202453987730062
0.9304703476482618
0.9406952965235174
0.950920245398773
0.9611451942740287
0.9713701431492843
0.9815950920245399
0.9918200408997955
0.0
0.010224948875255624
0.02044989775051125
0.03067484662576687
0.0408997955010225
0.05112474437627812
0.06134969325153374
0.07157464212678936
0.081799591002045
0.09202453987730061
0.10224948875255624
0.11247443762781185
0.12269938650306748
0.1329243353783231
0.14314928425357873
0.15337423312883436
0.16359918200409
0.1738241308793456
0.18404907975460122
0.19427402862985685
0.20449897750511248
0.2147239263803681
0.2249488752556237
0.23517382413087934
0.24539877300613497
0.2556237218813906
0.2658486707566462
0.27607361963190186
0.28629856850715746
0.2965235173824131
0.3067484662576687
0.3169734151329243
0.32719836400818
0.3374233128834356
0.3476482617586912
0.35787321063394684
0.36809815950920244
0.3783231083844581
0.3885480572597137
0.3987730061349693
0.40899795501022496
0.41922290388548056
0.4294478527607362
0.4396728016359918
0.4498977505112474
0.4601226993865031
0.4703476482617587
0.48057259713701433
0.49079754601226994
0.5010224948875256
0.5112474437627812
0.5214723926380368
0.5316973415132924
0.5419222903885481
0.5521472392638037
0.5623721881390593
0.5725971370143149
0.5828220858895705
0.5930470347648262
0.6032719836400818
0.6134969325153374
0.623721881390593
0.6339468302658486
0.6441717791411042
0.65439672801636
0.6646216768916156
0.6748466257668712
0.6850715746421268
0.6952965235173824
0.7055214723926381
0.7157464212678937
0.7259713701431493
0.7361963190184049
0.7464212678936605
0.7566462167689162
0.7668711656441718
0.7770961145194274
0.787321063394683
0.7975460122699386
0.8077709611451943
0.8179959100204499
0.8282208588957055
0.8384458077709611
0.8486707566462167
0.8588957055214724
0.869120654396728
0.8793456032719836
0.8895705521472392
0.8997955010224948
0.9100204498977505
0.9202453987730062
0.9304703476482618
0.9406952965235174
0.950920245398773
0.9611451942740287
0.9713701431492843
0.9815950920245399
0.9918200408997955
0.0
0.010224948875255624
0.02044989775051125
0.03067484662576687
0.0408997955010225
0.05112474437627812
0.06134969325153374
0.07157464212678936
0.081799591002045
0.09202453987730061
0.10224948875255624
0.11247443762781185
0.12269938650306748
0.1329243353783231
0.14314928425357873
0.15337423312883436
0.16359918200409
0.1738241308793456
0.18404907975460122
0.19427402862985685
0.20449897750511248
0.2147239263803681
0.2249488752556237
0.23517382413087934
0.24539877300613497
0.2556237218813906
0.2658486707566462
0.27607361963190186
0.28629856850715746
0.2965235173824131
0.3067484662576687
0.3169734151329243
0.32719836400818
0.3374233128834356
0.3476482617586912
0.35787321063394684
0.36809815950920244
0.3783231083844581
0.3885480572597137
0.3987730061349693
0.40899795501022496
0.41922290388548056
0.4294478527607362
0.4396728016359918
0.4498977505112474
0.4601226993865031
0.4703476482617587
0.48057259713701433
0.49079754601226994
0.5010224948875256
0.5112474437627812
0.5214723926380368
0.5316973415132924
0.5419222903885481
0.5521472392638037
0.5623721881390593
0.5725971370143149
0.5828220858895705
0.5930470347648262
0.6032719836400818
0.6134969325153374
0.623721881390593
0.6339468302658486
0.6441717791411042
0.65439672801636
0.6646216768916156
0.6748466257668712
0.6850715746421268
0.6952965235173824
0.7055214723926381
0.7157464212678937
0.7259713701431493
0.7361963190184049
0.7464212678936605
0.7566462167689162
0.7668711656441718
0.7770961145194274
0.787321063394683
0.7975460122699386
0.8077709611451943
0.8179959100204499
0.8282208588957055
0.8384458077709611
0.8486707566462167
0.8588957055214724
0.869120654396728
0.8793456032719836
0.8895705521472392
0.8997955010224948
0.9100204498977505
0.9202453987730062
0.9304703476482618
0.9406952965235174
0.950920245398773
0.9611451942740287
0.9713701431492843
0.9815950920245399
0.9918200408997955
0.0
0.010224948875255624
0.02044989775051125
0.03067484662576687
0.0408997955010225
0.05112474437627812
0.06134969325153374
0.07157464212678936
0.081799591002045
0.09202453987730061
0.10224948875255624
0.11247443762781185
0.12269938650306748
0.1329243353783231
0.14314928425357873
0.15337423312883436
0.16359918200409
0.1738241308793456
0.18404907975460122
0.19427402862985685
0.20449897750511248
0.2147239263803681
0.2249488752556237
0.23517382413087934
0.24539877300613497
0.2556237218813906
0.2658486707566462
0.27607361963190186
0.28629856850715746
0.2965235173824131
0.3067484662576687
0.3169734151329243
0.32719836400818
0.3374233128834356
0.3476482617586912
0.35787321063394684
0.36809815950920244
0.3783231083844581
0.3885480572597137
0.3987730061349693
0.40899795501022496
0.41922290388548056
0.4294478527607362
0.4396728016359918
0.4498977505112474
0.4601226993865031
0.4703476482617587
0.48057259713701433
0.49079754601226994
0.5010224948875256
0.5112474437627812
0.5214723926380368
0.5316973415132924
0.5419222903885481
0.5521472392638037
0.5623721881390593
0.5725971370143149
0.5828220858895705
0.5930470347648262
0.6032719836400818
0.6134969325153374
0.623721881390593
0.6339468302658486
0.6441717791411042
0.65439672801636
0.6646216768916156
0.6748466257668712
0.6850715746421268
0.6952965235173824
0.7055214723926381
0.7157464212678937
0.7259713701431493
0.7361963190184049
0.7464212678936605
0.7566462167689162
0.7668711656441718
0.7770961145194274
0.787321063394683
0.7975460122699386
0.8077709611451943
0.8179959100204499
0.8282208588957055
0.8384458077709611
0.8486707566462167
0.8588957055214724
0.869120654396728
0.8793456032719836
0.8895705521472392
0.8997955010224948
0.9100204498977505
0.9202453987730062
0.9304703476482618
0.9406952965235174
0.950920245398773
0.9611451942740287
0.9713701431492843
0.9815950920245399
0.9918200408997955
0.0
0.010224948875255624
0.02044989775051125
0.03067484662576687
0.0408997955010225
0.05112474437627812
0.06134969325153374
0.07157464212678936
0.081799591002045
0.09202453987730061
0.10224948875255624
0.11247443762781185
0.12269938650306748
0.1329243353783231
0.14314928425357873
0.15337423312883436
0.16359918200409
0.1738241308793456
0.18404907975460122
0.19427402862985685
0.20449897750511248
0.2147239263803681
0.2249488752556237
0.23517382413087934
0.24539877300613497
0.2556237218813906
0.2658486707566462
0.27607361963190186
0.28629856850715746
0.2965235173824131
0.3067484662576687
0.3169734151329243
0.32719836400818
0.3374233128834356
0.3476482617586912
0.35787321063394684
0.36809815950920244
0.3783231083844581
0.3885480572597137
0.3987730061349693
0.40899795501022496
0.41922290388548056
0.4294478527607362
0.4396728016359918
0.4498977505112474
0.4601226993865031
0.4703476482617587
0.48057259713701433
0.49079754601226994
0.5010224948875256
0.5112474437627812
0.5214723926380368
0.5316973415132924
0.5419222903885481
0.5521472392638037
0.5623721881390593
0.5725971370143149
0.5828220858895705
0.5930470347648262
0.6032719836400818
0.6134969325153374
0.623721881390593
0.6339468302658486
0.6441717791411042
0.65439672801636
0.6646216768916156
0.6748466257668712
0.6850715746421268
0.6952965235173824
0.7055214723926381
0.7157464212678937
0.7259713701431493
0.7361963190184049
0.7464212678936605
0.7566462167689162
0.7668711656441718
0.7770961145194274
0.787321063394683
0.7975460122699386
0.8077709611451943
0.8179959100204499
0.8282208588957055
0.8384458077709611
0.8486707566462167
0.8588957055214724
0.869120654396728
0.8793456032719836
0.8895705521472392
0.8997955010224948
0.9100204498977505
0.9202453987730062
0.9304703476482618
0.9406952965235174
0.950920245398773
0.9611451942740287
0.9713701431492843
0.9815950920245399
0.9918200408997955
