9,0.33747608657430417
60,0.5162287661085431
83,0.3439755172884921
118,0.6025983582541214
143,0.5674047043481846
194,0.37240548080463987
231,0.5413948270041666
232,0.5333691620581936
271,0.3799969747327377
275,0.5118924986331177
289,0.4611948722547053
292,0.44653658728783985
301,0.32670546639488857
354,0.8856492629006032
361,0.32636682718112425
415,0.527828142017731
428,0.32764140907866257
495,0.42569917242624145
523,0.4601807797297168
526,0.6134141401729681
587,0.5147578846395033
594,0.36714849171251235
597,0.7280959612551032
616,0.4729057250217465
665,0.42562508677058536
711,0.36119304609088665
730,0.43110240487534995
761,0.35701109880677423
771,0.44772951600229594
782,0.4943743784984556
805,0.4454864622338508
869,0.35974233253486254
888,0.6550880802623971
900,0.35123043322142156
910,0.3591980410308986
923,0.4740886562169763
944,0.5771916547519497
949,0.44911402709936815
1001,0.4742993184439534
1035,0.43729206829775413
1049,0.3867911347075526
1053,0.40757202305711127
1057,0.3695100097879458
1105,0.38523225783698983
1143,0.43710858815014936
1182,0.4059774773550587
1226,0.38321781687280515
1285,0.9650142839338676
1296,0.8054501884118668
1320,0.38518780287727467
1356,0.36549382640416955
1426,0.6195073277689077
1430,0.3629744263063987
1445,0.3768614535320656
1461,0.37245665432780056
1469,0.9360391107209834
1510,0.864853736602106
1532,0.6633430686781703
1562,0.5609237317469534
1626,0.5142338298082565
1647,0.7388440844163698
1686,0.3620335412242091
1715,0.3427842515181108
1717,0.582058333673077
1722,0.47696627118887974
1725,0.3277144259768904
1728,0.37642952005697383
1735,0.37349682396538886
1800,0.44255494103584897
1802,0.576557660422143
1830,0.9288489504601997
1833,0.7825449402261777
1880,0.3967454515438651
1905,0.35721405038567844
1928,0.33782083961328296
1933,0.3650763607260689
1994,0.3818140487806662
2006,0.5952879980818075
2040,0.3549707719246137
2103,0.3984183230244478
2180,0.396532911432621
2188,0.5893009399096812
2206,0.7426255709788454
2230,0.3278987669402781
2250,0.390221102307461
2260,0.646730322403119
2269,0.34248648793329695
2271,0.6734615815692482
2283,0.46643478742982647
2295,0.413092837396971
2315,0.9627496042084798
2345,0.5972188828133022
2348,0.5032118582752179
2350,0.3457226134695742
2418,0.39966877703153425
2420,0.4201958121961233
2471,0.9418126636985565
2494,0.8468008300242039
2520,0.6870379247941097
2527,0.9604314014885028
2538,0.7914267971668845
2572,0.6762853093669197
2635,0.3507054038638327
2654,0.40488026250982073
2657,0.34251096566672007
2703,0.4306794933305724
2759,0.6335588620704756
2775,0.34126174085719113
2783,0.4338218513592449
2789,0.7979283599605832
2791,0.3563037209102082
2809,0.500437032320068
2825,0.515738237412683
2837,0.4299124019742988
2867,0.5925781889098904
2876,0.8553964431092249
2990,0.33672605807155487
3132,0.3276404751755787
3152,0.3481550682294433
3154,0.45696712719249066
3156,0.3717819108141901
3197,0.35547468188636305
3242,0.5349038296699175
3245,0.6305424925220312
3273,0.52647933539325
3295,0.4120093376382229
3317,0.35403409111950024
3322,0.33615520009729916
3345,0.571834976077224
3349,0.45632879286457784
3360,0.40016199684993853
3407,0.8149466863883996
3441,0.32775292839276327
3453,0.4156843849149314
3466,0.34350272215859023
3469,0.7138204133300927
3472,0.45528861046893637
3477,0.9261323451041656
3478,0.9223833535555582
3490,0.3809018361500391
3492,0.37026955679838347
3503,0.33396514791396403
3548,0.47962584088016313
3561,0.44781392196184105
3564,0.37047680183065734
3565,0.3725345559241112
3625,0.4108653857369743
3640,0.8872906545140272
3670,0.33024980354604855
3697,0.34450167129849346
3709,0.36589034153697003
3809,0.6562513144443233
3828,0.43743149381336366
3849,0.3121055840042255
3868,0.49135928207486435
3880,0.7348727746634267
3882,0.4199808946895048
3908,0.6656094832314519
3928,0.37040314489541903
3935,0.3877509914629308
3940,0.5282029987569437
3963,0.6195460739632497
4020,0.348422199635335
4039,0.3970310081518813
4040,0.4897656608992659
4058,0.8068288335368137
4077,0.41056984864421325
4090,0.3275420192490552
4094,0.7910776864490765
4097,0.6995938882487513
4105,0.4496920963232601
4109,0.3520515236483347
4142,0.3482377582948633
4159,0.5765493986084099
4177,0.7203072920126461
4191,0.48533936829870034
4194,0.9003361128669063
4204,0.3859985678530866
4237,0.3718863741677927
4265,0.3532012498771204
4335,0.32602498503826555
4338,0.8389551806994024
4344,0.37656608833083227
4396,0.5743998611847059
4412,0.6684050917911669
4419,0.3898824805450764
4422,0.33820900084627126
4435,0.5296124644562864
4446,0.34542737547243924
4484,0.7939491005182326
4515,0.5142751255193012
4556,0.3862663961105488
4564,0.3595413386133459
4600,0.39330746331704863
4623,0.8071590084570883
4639,0.372542266856407
4686,0.7066538719007674
4704,0.4578542095957051
4706,0.415654455865392
4770,0.37390134754148857
4801,0.509096572315621
4843,0.443688567750993
4862,0.39020042746763445
4946,0.9677955513030035
4950,0.38104501001987423
4969,0.5690802678742609
4988,0.4695550022501148
5005,0.41352346515573934
5012,0.6214384185209554
5017,0.5732270055814944
5025,0.7627578995138649
5090,0.35867678895108845
5139,0.43781585567625037
5146,0.506620503508561
5156,0.9819739427634638
5163,0.47816564756341856
5246,0.9997356810544432
5251,0.3187888525815224
5261,0.5274058882472272
5276,0.7442044273933272
5281,0.8064057361296489
5286,0.5034004186353198
5305,0.6028607594176706
5370,0.41319787375275185
5421,0.34030839200733515
5422,0.6679761813829802
5457,0.6479662544070242
5467,0.42889388345533475
5479,0.5205910432266609
5505,0.39344695189838286
5523,0.5502476258019802
5582,0.9852508904257573
5584,0.40532589362026805
5603,0.6008962683169915
5605,0.4348918695289534
5606,0.6322298487848038
5648,0.33041432819219807
5691,0.3265205979142543
5767,0.3792913135532079
5769,0.4788780820491852
5808,0.5256883053839443
5816,0.33282027752129717
5844,0.4671404745557141
5858,0.40353491709997524
5864,0.3285748626535895
5957,0.5092940604354271
5967,0.3456102691999392
6037,0.3260397562719035
6050,0.33649876096655523
6058,0.6802419237906825
6060,0.3568221358753976
6076,0.6300155148688216
6077,0.42688987144700846
6100,0.3775757078553149
6123,0.5389975906210354
6134,0.34150034133169294
6150,0.4721355506452442
6178,0.34233900841765036
6187,0.3512856781720081
6231,0.484980926775298
6277,0.32749478167915946
6295,0.7255257633241047
6314,0.34543638409053284
6323,0.4888605228917326
6337,0.5262736911757081
6338,0.6870379247941097
6358,0.3789327137466541
6374,0.5493971783641324
6386,0.3764384874676129
6391,0.4356712691782709
6426,0.35725202038977744
6451,0.3748085290956007
6491,0.3810102836217634
6492,0.4560965224166082
6494,0.5655660287908015
6495,0.3540703118171394
6544,0.4881307182296948
6572,0.37351821676334007
6579,0.6054303956924604
6671,0.3832277790886182
6677,0.5429801293152711
6687,0.32487026636848637
6708,0.3442231368795904
6725,0.5192668991889741
6766,0.39672511866142185
6812,0.525356102467688
6813,0.39494006206841675
6823,0.3777167192162056
6832,0.3755172178864384
6863,0.6288035249106603
6925,0.39640563839277015
6941,0.9066461500160223
6961,0.7762535842524673
6968,0.5881338965388572
6980,0.4598740916694424
7009,0.550690158565984
7021,0.5292301104073549
7067,0.3443627183215365
7159,0.9997356810544432
7205,0.4558143950515014
7227,0.3953366601809071
7291,0.4190788726737308
7304,0.38225255880410075
7318,0.32782198000343993
7333,0.7186194072300519
7335,0.3835310571903687
7337,0.45705421201864843
7339,0.522084834631825
7350,0.45662456069496693
7407,0.48196577903667104
7423,0.4764312611855235
7473,0.35835756231973204
7491,0.32918770763787325
7590,0.9997356810544432
7609,0.3573365164747586
7657,0.3857723306742806
7661,0.3382355806595053
7666,0.3371215295717589
7670,0.8200620954485066
7703,0.35325380270830076
7711,0.8665575466875062
7756,0.5665698832189755
7757,0.4519661186406486
7776,0.3510278917549919
7778,0.38701612231052707
7787,0.7590082080948121
7812,0.5491860390922859
7916,0.8228550108943163
7925,0.5568801347590294
7937,0.4238509967735775
7956,0.42022158182339303
7961,0.42914579577305795
7967,0.7434515826176745
7981,0.5319834258676392
8027,0.32954713899361265
8035,0.3458427505260089
8135,0.8411878184935331
8190,0.5307908678098692
8214,0.36198213831074505
8218,0.4006311929836967
8308,0.3811534054983657
8337,0.4082359117578303
8431,0.32836370923754926
8445,0.37466241880041556
8447,0.36094192127294067
8458,0.49390164178361107
8476,0.41623212634494927
8685,0.34211873586557817
8760,0.5413917488050238
8898,0.4345315098726989
8915,0.31687819520329125
8923,0.3755617880418072
8971,0.751483921973033
9040,0.3521314828027735
9047,0.4487084939193554
9066,0.3889533719901296
9105,0.8886907969357607
9135,0.3913622572266187
9136,0.35689243160606904
9164,0.3439345963126601
9165,0.5035904773802243
9237,0.37332102008723855
9250,0.8197109529081815
9260,0.8068742580713457
9341,0.327265295355941
9385,0.3622521205740968
9392,0.3764462849426333
9448,0.532477414053754
9471,0.8650709657043067
9503,0.5290093049106296
9527,0.3975482288491195
9543,0.3255272252562746
9563,0.9784474734130633
9576,0.7505019758182732
9588,0.4618585008846041
9590,0.4915453264244143
9619,0.37882521103680566
9629,0.4156790373262038
9634,0.7569172689620254
9778,0.32798453018946544
9801,0.34894342964906117
9864,0.354669426867376
9884,0.32775244166048356
9902,0.8656742951833813
9905,0.34257745356066027
10071,0.9267042106107705
10110,0.86579061702526
10179,0.36819275607393404
10199,0.41537381706416504
10240,0.6692696906869199
10247,0.4746534701391713
10260,0.7006370666940723
10298,0.4809209067060987
10354,0.36850810490048735
10374,0.3290304957754509
10407,0.460848879892753
10420,0.5472600192821625
10437,0.3516955028294026
10508,0.4319579228396734
10511,0.32617965849336744
10526,0.8452730528349423
10596,0.5037686651264871
10597,0.4990994055250181
10604,0.38596870305354564
10652,0.8655749971674086
10662,0.3910637167883501
10724,0.48794533846638455
10769,0.7196882373826105
10842,0.4545950908603051
10889,0.46706965081110396
10927,0.5803624447526216
11092,0.39163853572051543
11105,0.4451395529137447
11117,0.9458659797213678
11160,0.4122417702206232
11165,0.5197481110106549
11236,0.3445666217636198
11271,0.9044324333898007
11338,0.7287592438677325
11466,0.34483353702948133
11526,0.3439094875483009
11560,0.37651435488646817
11564,0.6747635842461244
11589,0.9875048915856902
11594,0.45860558366885373
11613,0.7183159385419874
11619,0.9585503602938654
11671,0.5142291267172154
11680,0.4581869003746901
11714,0.32373084288125586
11753,0.9944706266522582
11832,0.4225416149794471
11835,0.4275524719162202
11839,0.8403578948265191
11899,0.4253872678716548
11934,0.5882999011777311
11971,0.4177976240700958
12032,0.7595621949428664
12033,0.9940518659662402
12041,0.789197705417639
12042,0.5420800412629385
12089,0.5925781889098904
12115,0.3236128975071722
12146,0.34263742716681145
12148,0.45553491176236094
12174,0.4418108911040526
12181,0.3398393843661874
12188,0.5620414906837581
12209,0.39365012194235205
12211,0.33792682773004995
12224,0.3908660324232846
12291,0.3471860716184114
12337,0.3708113837162227
12399,0.5145894148423377
12436,0.36600159208181715
12465,0.47674725012854985
12479,0.5174367693680915
12504,0.3430948378737737
12515,0.34430450664147844
12528,0.5738687507881977
12535,0.7061440225504576
12549,0.8056933442276578
12584,0.3450909353181521
12618,0.41113595908615375
12621,0.3887916129277281
12633,0.5914704835984975
12668,0.9541015544027449
12685,0.36602896132285767
12690,0.41631517645500427
12712,0.4935428299811758
12724,0.44943136343013745
12755,0.46089938170762756
12756,0.3775994610416438
12810,0.4995641318322633
12822,0.34461038104311487
12832,0.3701274564842028
12843,0.9814182690027948
12912,0.39278072237245243
12925,0.39282989642266497
12950,0.4199242950651948
13103,0.3674484667461661
13127,0.3718646826035588
13192,0.6002514538024804
13197,0.35873785622826726
13241,0.4096701384652599
13250,0.34474997216262165
13293,0.34446504689251795
13297,0.5596038714037536
13369,0.4047628560565618
13371,0.5211489487002803
13400,0.42625269478836453
13459,0.5642905426291307
13461,0.713891368007587
13512,0.3551847718909445
13523,0.3173577306720431
13534,0.44694937252841904
13553,0.7851652056393248
13560,0.7608895815108775
13581,0.3827983658631456
13583,0.8247326735473839
13618,0.41187436122088217
13623,0.34439045026529924
13643,0.39522005686411343
13690,0.36761050755435
13716,0.8595006580192626
13749,0.39328517395828866
13797,0.32309020721806325
13873,0.34694947261152487
13903,0.8356627074148782
13919,0.9768215366185474
13920,0.3388994844346834
13969,0.6250198838880476
13974,0.7602424442573339
13999,0.5774943308001148
14008,0.7299802014606185
14042,0.5125362019686474
14121,0.4307321629011116
14147,0.8799222785799782
14151,0.38103300741993545
14164,0.8352703370532395
14167,0.6350079219530471
14191,0.7564025500764456
14212,0.457292600994003
14214,0.3732531286883769
14245,0.3998933799449476
14358,0.37792816119431016
14383,0.3314422739690741
14388,0.33144494192816965
14440,0.45544423238810594
14471,0.6623251852015296
14476,0.35063085977923514
14558,0.3756505152913355
14690,0.3966610570350071
14693,0.37232930787769514
14713,0.5123950751647889
14764,0.825827457039331
14774,0.37765755205678353
14849,0.3615273657814927
14862,0.46027743350969574
14893,0.34073682402396194
14901,0.3934503595451979
14920,0.3479615779797427
14982,0.5787026054508896
14989,0.38420667400513137
15014,0.4641008156892485
15066,0.5491344159441653
15122,0.5631504233121738
15146,0.3419945500240077
15149,0.4029126430880265
15203,0.43428453851186943
15253,0.5923688669148943
15298,0.7057002394359183
15303,0.606043273390581
15317,0.35744154820109203
15394,0.5055713210282133
15397,0.37558112182570474
15399,0.9182213406056752
15415,0.3496444685665808
15427,0.6901525922742849
15452,0.3838407950802367
15456,0.4579004812957113
15487,0.3646821623900474
15500,0.5087345426917729
15568,0.3276763977808328
15571,0.7348008516649371
15582,0.7496075520897861
15592,0.41645654736081444
15631,0.3886353413062268
15740,0.37863706918164086
15747,0.8054020253807973
15782,0.513062653735412
15865,0.34950394678745755
15880,0.7425718186589761
15911,0.6208888152910456
15923,0.8249882438921335
15974,0.4546459424712169
15975,0.44126408482852725
15981,0.39403867642986085
16000,0.8430838123995572
16005,0.6776275938620401
16088,0.5256547166059397
16118,0.4752379060715694
16184,0.3873279857609312
16191,0.42010589373685325
16199,0.7652676780005625
16219,0.7968732246287915
16232,0.5721980594832917
16233,0.3634911534806731
16236,0.3676337278441906
16354,0.3767562970923094
16465,0.4435269983763943
16531,0.3672386423212576
16534,0.32155159431732716
16537,0.37234729380184944
16543,0.34805574115331334
16545,0.32925129844825357
16555,0.3281392281426088
16577,0.5763704776483245
16579,0.8926631651450321
16619,0.4399649936233238
16628,0.4828133100306028
16630,0.32168833823456977
16664,0.38381839444286314
16703,0.36881491566626606
16708,0.32753922044133416
16711,0.9047347461209126
16744,0.3642185516795532
16755,0.541342267800316
16778,0.4226806528591424
16797,0.34046003695773186
16827,0.34294943655311244
16847,0.4225747991541692
16848,0.3492560476349134
16900,0.7807668662836196
16921,0.3466500870164161
16923,0.46969599539143647
16942,0.3868144614352495
16959,0.35471394023881087
16975,0.3903318564542897
16980,0.3555657028911581
17049,0.32787130726242275
17066,0.7918182971360317
17113,0.4912899911211702
17125,0.6624652398506403
17127,0.352201051944478
17174,0.4663792854729683
17204,0.3676449017232975
17207,0.3467650592795859
17215,0.4716092352607479
17218,0.44923436875130107
17223,0.3596334075646278
17254,0.4332306716451201
17263,0.45842781191255516
17264,0.36661105843041975
17312,0.43592529442448513
17314,0.3996067902618382
17322,0.3995127204530885
17344,0.45452632100125157
17346,0.35004464118175466
17373,0.36118345103398136
17405,0.38836759125812836
17469,0.4133165979816365
17542,0.37183491062355867
17573,0.389371816541771
17615,0.3459122564334248
17619,0.40801042351216343
17625,0.4436807721610851
17626,0.9319401869477945
17630,0.35640522928516954
17667,0.3729340613583685
17675,0.675445688571675
17703,0.36381726891096744
17713,0.7024628078255873
17738,0.6486164504394143
17746,0.5262900250910922
17754,0.36375305471193226
17757,0.4692490598603698
17781,0.3669189589220644
17814,0.4063547353321481
17824,0.37253475707804307
17834,0.3493483597941271
17890,0.9935039423425334
17959,0.5915808036186546
18056,0.38926031243290765
18080,0.39850377045231455
18088,0.3289148543542868
18089,0.5252927241253198
18107,0.35962160347326266
18108,0.7629686376991207
18191,0.6225132963583601
18249,0.5952158156686981
18259,0.3768456366352577
18291,0.3703144563283416
18328,0.4102584054937231
18340,0.4907336210394019
18359,0.8588489388089694
18370,0.6942436326564283
18396,0.3493001223326065
18439,0.3898819940487285
18443,0.6853837168750961
18454,0.4129869699537494
18463,0.3264754922016032
18467,0.41952751989241843
18595,0.39433593793747285
18603,0.5833812171593231
18607,0.35857924900716037
18615,0.9637295042513883
18626,0.35601434099377816
18651,0.4222971615221982
18667,0.3659621515025037
18668,0.8666986023576935
18755,0.3892609314942596
18765,0.33168551629416004
18792,0.7729974269630605
18804,0.40758880599258007
18806,0.9153554016738006
18844,0.7028648962453662
18845,0.9354563890306086
18874,0.7996178121370034
18878,0.44774334886704664
18886,0.43091010247213485
18951,0.5207815166898969
19010,0.4480763052256243
19107,0.3830756850361656
19108,0.34451401080054767
19219,0.41696189690675756
19236,0.5174142094360988
19243,0.5673760953810026
19254,0.47163854612980055
19256,0.34385538533311055
19265,0.6992289741837844
19298,0.4914116022114491
19311,0.3949563226572328
19403,0.3435784421582148
19428,0.4636138258522849
19453,0.47093513878048293
19466,0.34115880774095925
19487,0.3281182255878366
19547,0.428430830300357
19550,0.5835529974164402
19667,0.5015183389081967
19690,0.8903641612243388
19770,0.3480205506080043
19771,0.4972396624382133
19776,0.3620604372946431
19790,0.4817702464357716
19844,0.6705003439977901
19846,0.44254812276785627
19848,0.36724521878154476
19874,0.6105092126732529
19911,0.5685910309785519
19960,0.4195052247521325
19975,0.9342417985182505
19992,0.4552639347929262
20037,0.3722835711230024
20052,0.36940683495178317
20071,0.34727266432441534
20105,0.3713282263136855
20141,0.9112305752094322
20152,0.5146417895428699
20196,0.36215596451970167
20234,0.323466235500699
20373,0.38989493634404726
20442,0.4149526461913519
20472,0.3462303302488189
20499,0.39900003046404003
20585,0.41850289498230553
20636,0.6931056681500918
20654,0.6650025580775709
20673,0.43695462762496035
20692,0.3652304801332981
20711,0.7144633421802684
20740,0.3456455541898787
20757,0.7067795274808132
20787,0.36085482001797536
20838,0.8398986747101346
20878,0.40178739703161315
20883,0.623736617491287
20890,0.4253539490438484
20943,0.6694704808460135
21160,0.8668367857968158
21191,0.40150918551607856
21251,0.5074437087768475
21262,0.37468221324330253
21343,0.49198918891779225
21360,0.3190891573644279
21363,0.9002148425594709
21420,0.39256448685766365
21502,0.3517486185761963
21548,0.3692481104549574
21559,0.5729667110479358
21638,0.47848277671516337
21787,0.34819600840421544
21829,0.3969980851234084
21846,0.3486910752834518
21867,0.4375922312632202
21896,0.4330935088929859
21933,0.4360329426573915
21959,0.44696438868586985
21975,0.37750530273611627
22075,0.39109321727972735
22122,0.839567581108781
22126,0.38099853183404314
22175,0.4003821746889142
22269,0.3472951095546946
22281,0.3871054980278496
22285,0.4220664555691933
22296,0.42963954812897814
22311,0.41320726762561294
22378,0.890028869814704
22383,0.7654807049662398
22415,0.7392144921661007
22488,0.6350755899210268
22498,0.4570761308556175
22512,0.8609463918415317
22513,0.36667864748944956
22514,0.4869704229347902
22525,0.38200159829318214
22546,0.44145400834716
22584,0.3341540356531385
22613,0.32764140907866257
22637,0.4747182252958396
22663,0.33109869312158274
22666,0.3897078832005821
22684,0.6803085023450258
22722,0.7034744426921102
22735,0.5617140162735617
22738,0.32763026141775775
22778,0.3402030960315518
22811,0.4303486292405823
22831,0.4310866729936711
22837,0.8132164946460384
22864,0.6224883889321992
22908,0.8723106735382057
22926,0.9513572659049804
22936,0.3457997920924232
22976,0.5784105109000305
23001,0.3311742653449969
23010,0.5966203239873146
23014,0.3579893218359941
23026,0.6245485449687278
23068,0.9476761722850243
23088,0.3665579569787568
23100,0.9783262330803615
23176,0.892615587405663
23185,0.39817719546412805
23212,0.3635265284433788
23214,0.41917115457326737
23232,0.3772396227563946
23242,0.6151742912450212
23262,0.35836216218690936
23282,0.3681262849628333
23292,0.3780766031630432
23368,0.4256141655047329
23385,0.37007361441422276
23391,0.3420859895620078
23469,0.3685787124866848
23472,0.35442785964901224
23474,0.38171808350242953
23592,0.4415757367549957
23634,0.6376367371295031
23636,0.3467826731544355
23677,0.3560170783580251
23724,0.47478686340170173
23730,0.46278037974638947
23754,0.5394912375439209
23778,0.9063338305040252
23864,0.40822876344884024
23872,0.5322278620596612
23916,0.4469667082934814
23938,0.3225466008865168
23945,0.3604884291724757
23947,0.7845506363486139
23959,0.3769617700836982
23986,0.37156831140977387
24084,0.422541889488886
24115,0.4240613143590957
24119,0.7918265963675567
24122,0.8274230135795473
24149,0.3414037143094363
24164,0.36860800392487053
24167,0.3576464518307021
24206,0.37806007247142287
24214,0.44807025519457055
24234,0.4001861751038021
24273,0.3475778052537162
24292,0.443333077390681
24307,0.3747085544061836
24340,0.3276514465713424
24356,0.688973785670916
24366,0.6473887983791412
24372,0.3252687659699878
24377,0.999886238243866
24401,0.43933344020256265
24424,0.3607809195860175
24439,0.5074001743844188
24479,0.35835663549676333
24510,0.36815258649376104
24515,0.33817122786685555
24531,0.39593386746649667
24547,0.6254933202665847
24564,0.5758419439940178
24591,0.5297744423481089
24604,0.4556370607890909
24676,0.38251758310267814
24705,0.3408801191884707
24737,0.8215889437498426
24762,0.3528888521970867
24769,0.9080688494318313
24782,0.5367638259224221
24828,0.3248666312508771
24832,0.3685379687842663
24840,0.3517079226767648
24849,0.3744286772747307
24892,0.9338451253113653
24955,0.3275415515494619
24986,0.40024929087264083
25002,0.44862470322247466
25055,0.38861633615313984
25137,0.5908244991286105
25185,0.4499576807249279
25205,0.46470982523778914
25207,0.32850938845029853
25225,0.538463104904952
25230,0.4068059537487274
25247,0.9997356810544432
25290,0.6869771481054524
25328,0.4385433445382245
25382,0.7931261263248083
25404,0.3448968042736068
25544,0.38115296614613137
25558,0.3452465350484089
25564,0.9789951798487989
25582,0.43876406504965415
25601,0.6028472308822587
25610,0.9191574568264603
25647,0.3667639226739069
25649,0.794529776046572
25667,0.42605333818297647
25711,0.5753175474665825
25736,0.7687783312743915
25747,0.373394526143589
25817,0.697286428656251
25941,0.9713209133662137
25953,0.41624739865608384
25965,0.3658451257272408
25966,0.8968440113885157
25983,0.42150333433157305
26002,0.34616116355655185
26004,0.9693206327105343
26110,0.33672579681972065
26115,0.5149634823074833
26180,0.37625336324884584
26185,0.3279329133887072
26220,0.4056661933527862
26228,0.41202438747777204
26235,0.34342212555168505
26250,0.4780508041686893
26262,0.3632994999971009
26269,0.42471842728176307
26337,0.4132637586507664
26339,0.6858211720308086
26355,0.4544391484437806
26394,0.5706060823655099
26456,0.3557931418474483
26499,0.3733949663067931
26502,0.7457994694469011
26567,0.7255756645744166
26601,0.3277146910783295
26602,0.6865907169270759
26637,0.48313013476082356
26681,0.3948002845449396
26709,0.8310956517736109
26760,0.33437088607866994
26762,0.3870613156392121
26793,0.36314791243785555
26811,0.771718663198075
26849,0.3476569513335771
26851,0.5443515833391795
26858,0.37230502800661913
26879,0.3732417385589194
26884,0.43402772847157306
26920,0.943407684338611
26957,0.5486109483508176
26967,0.4514452244881866
26968,0.8623823266831264
27000,0.339896225281716
27009,0.35538457595013256
27045,0.34178498042034955
27056,0.4470000937710733
27076,0.417668183499794
27095,0.37354527206931243
27100,0.6854918022289216
27125,0.3667208172903673
27137,0.6146544606560426
27145,0.36302039577652967
27148,0.35714725117407137
27153,0.33692363961071853
27156,0.4152543448600583
27161,0.7189314534904355
27200,0.3476747587562853
27224,0.3539301275795014
27229,0.545602827458314
27303,0.4983026208368058
27316,0.4060731810352382
27317,0.349302433880504
27324,0.8072029993120242
27351,0.48442866411346763
27361,0.3777442131252286
27408,0.3693696075664515
27483,0.39771468890231315
27511,0.9883057885317605
27538,0.35510170464793794
27541,0.4922607445539079
27575,0.4035574467031526
27608,0.6495283948146489
27698,0.35648583748681173
27718,0.5486883917727081
27723,0.5252927241253198
27738,0.5428553640810371
27740,0.6407032404381912
27752,0.32804560112705905
27760,0.9347793236047057
27792,0.6507466142910225
27822,0.4572558623352212
27825,0.46008417151236347
27874,0.3440627065272414
27882,0.4722991857344397
27890,0.34342065976886826
27983,0.3242996188755658
27987,0.6146544721266084
27990,0.3280542932917903
28010,0.3238352541973656
28025,0.5283747632606886
28036,0.7123793352972434
28079,0.4919424588375752
28120,0.4084294501143567
28140,0.37230851032512186
28205,0.3880290413281642
28249,0.3870312861099245
28259,0.9537046490639332
28307,0.3276232917665564
28316,0.7548051794067044
28357,0.35958499033696106
28369,0.34152123475782376
28418,0.5303955865391007
28427,0.5501110298913553
28547,0.34235296742227167
28569,0.329499576168594
28574,0.6796379699415235
28622,0.35747187942661696
28723,0.7662921313123787
28727,0.8665439676112187
28733,0.35912948591156585
28741,0.6239959126019035
28788,0.6753688988053232
28949,0.3221334028004315
28972,0.5383748905453051
28994,0.8584354618157557
29012,0.40512626844898414
29027,0.8380929575597338
29031,0.3305207268952401
29034,0.36838608680253454
29045,0.9210557506222101
29075,0.35113056133605774
29098,0.3742363740174389
29123,0.4696331370399013
29249,0.3371074056430853
29266,0.4046545023451653
29267,0.4485465289697606
29279,0.8874245789953003
29364,0.5256607124627436
29372,0.38308172807199325
29380,0.540724944028169
29390,0.3455567732898983
29392,0.716218750906433
29402,0.3575501500261514
29424,0.9005768210460706
29451,0.9302172805929643
29489,0.6790125640545878
29493,0.5541921574888174
29495,0.5273945416627853
29576,0.4347861222755329
29581,0.602246444256218
29592,0.5951753687761712
29597,0.36326239566539603
29627,0.713891368007587
29630,0.36754538282012333
29683,0.36660977557713675
29686,0.8699875930464278
29697,0.5419765468787007
29800,0.42224049061601027
29834,0.5705552660247183
29866,0.4316928833009881
29876,0.3724785375779432
29902,0.5768332561135477
29908,0.3287813943901324
29917,0.35371237947368467
29960,0.35042311977938156
29961,0.5770680379806126
29968,0.7371433243706863
30039,0.42934846778453584
30115,0.37971576475398355
30117,0.38736391777640444
30164,0.4768487287704951
30205,0.43886528010628856
30215,0.4731025582727757
30225,0.46899921015792545
30235,0.33988689328634947
30265,0.6498520214586987
30270,0.6933412424071194
30277,0.3567671026345778
30296,0.3487903174392536
30307,0.3923833821889492
30377,0.718273371288407
30473,0.7568213721106513
30541,0.7015579363709068
30555,0.3836957384415113
30591,0.6745400525876314
30592,0.9712819573459226
30610,0.9614507882507668
30679,0.7906235150418678
30707,0.37694356826311703
30713,0.6030789263452784
30730,0.8406594505909093
30780,0.8601703078463185
30850,0.3959191174108583
30872,0.661107864520362
30876,0.8257178375969133
30897,0.5254697907261839
30911,0.5036030998731831
30954,0.3583858960312561
30977,0.48415629037174934
30978,0.6350775272832115
30986,0.5386896753826789
30988,0.40811717818800775
31053,0.7414532152576513
31066,0.3259870635552469
31089,0.372273033955061
31136,0.7267876700056591
31167,0.38802447848471294
31200,0.5321869138495182
31203,0.7860002711769727
31236,0.5103138311573188
31252,0.3600027599790262
31287,0.4849876355550361
31311,0.33694373131488775
31344,0.37477855381072994
31345,0.33119646869201297
31351,0.40313961423559774
31416,0.46051834337885295
31431,0.3502910954778846
31459,0.4127022019247388
31485,0.5125307748390139
31516,0.5997292074638025
31519,0.34175565859215057
31535,0.37921498223475925
31554,0.4572454005282922
31566,0.32338977844718825
31582,0.7686115059653463
31605,0.4969818446427694
31620,0.46536994451106944
31622,0.5733904786182115
31643,0.6052845498968152
31647,0.377606552704327
31649,0.7764851454852524
31712,0.358112893836273
31721,0.39643490335447307
31747,0.3266765503585655
31912,0.3325222184140417
31934,0.33065044656614756
31962,0.6645026474417087
31983,0.5775277807439316
31984,0.8413446076615038
32016,0.9997520698594495
32038,0.5761207252144217
32076,0.6130070542472134
32079,0.4117112546199833
32083,0.363983237625261
32196,0.5166631943436663
32201,0.36864721877451645
32204,0.34190852786501347
32207,0.9643488162961066
32249,0.6697445389974467
32320,0.3759643304900757
32347,0.39479050867516136
32360,0.47125500740033643
32375,0.37368684760841375
32428,0.45493422998169686
32482,0.45741283463924204
32499,0.9695720906477046
32537,0.4696416021645815
32574,0.6371842510179535
32583,0.6018961874773758
32607,0.34170712955135535
32614,0.6254933202665847
32662,0.5227118002993439
32667,0.3528934944863134
32735,0.6172741832651805
32771,0.9460861395961598
32772,0.6094932114467813
32801,0.5262319937885223
32802,0.39584542164628495
32825,0.5501545777409867
32844,0.33817978315799846
32845,0.37490367527492396
32853,0.4122290467754065
32871,0.3400764336311558
32884,0.35627628743713113
32903,0.41614396610887255
32936,0.439472245672696
32940,0.3692444030591702
32968,0.3886481101410668
33096,0.32768111024899105
33106,0.4349312817108278
33126,0.3740057239338484
33143,0.7638882082738765
33166,0.5229244691350131
33186,0.4933525776267094
33195,0.36275406245278213
33237,0.40798395799502174
33265,0.3579550841975767
33297,0.4939428932776144
33365,0.5976191313352777
33390,0.32747448697463494
33419,0.8318633874939177
33447,0.39361243165593174
33464,0.3788556127952114
33488,0.5528054764063485
33493,0.7406201595597562
33494,0.3500561434164949
33507,0.4084186653351948
33546,0.38996178592289693
33576,0.7561004389837371
33591,0.4508251568549771
33640,0.32605391225933217
33669,0.5344001157980897
33682,0.3517032696698203
33732,0.45482244197875055
33739,0.4366806105665432
33743,0.32415893047927113
33845,0.33907616900374526
33907,0.4760042318350731
33912,0.3912572223685588
33938,0.4541057373590166
33947,0.4256318324552893
33949,0.7563419641695219
33968,0.42872348946714833
34002,0.3579291344559342
34141,0.36994414335988746
34161,0.44253450192018184
34185,0.7964693525959154
34195,0.40905084942466463
34267,0.7709338074573481
34283,0.35816288678835445
34296,0.848483660648888
34331,0.39413560895016914
34381,0.690245641350363
34455,0.3805521147058726
34477,0.3762484778052037
34491,0.5982845883741692
34493,0.36229662099771665
34517,0.3460964084686897
34519,0.4344090209970555
34523,0.3675222497296201
34529,0.8271147102985176
34530,0.8004590434142266
34534,0.9759164675348007
34546,0.36052088358751516
34550,0.6871061675488016
34575,0.9026504768726256
34596,0.5261236472291885
34618,0.3863896386604433
34691,0.40633845362404303
34704,0.6119078048854479
34721,0.34005318858664135
34857,0.36929263945356167
34862,0.5247569962923101
34870,0.9479615236663953
34907,0.32742539296605994
34918,0.34155654386823286
34975,0.40934273155175255
35002,0.36339103384482657
35028,0.32914300498117616
35060,0.699336597755651
35089,0.3471481647376767
35090,0.3917905317758123
35095,0.34122166398771636
35302,0.341898291636097
35330,0.3282671719006756
35380,0.37662356555938326
35384,0.9989171188432752
35393,0.9661582104324834
35396,0.7446206863948993
35414,0.4488451263261621
35501,0.35760217832442015
35545,0.8761650076847871
35561,0.3274517989546747
35603,0.6595289253017738
35612,0.3548282881615192
35646,0.33623339158490123
35657,0.34541786832093146
35661,0.31008508194810236
35686,0.32764140907866257
35709,0.36751801874520756
35731,0.3601972776645964
35743,0.4449166634701386
35744,0.47958941700656343
35754,0.8619979841189667
35789,0.3651675880637838
35808,0.34958984323241676
35829,0.6366165111908096
35938,0.5307473903757932
35945,0.47413235467680753
35992,0.363692722257853
36087,0.3380290784533855
36101,0.5378251693721916
36107,0.3692250767841397
36124,0.6721197410513997
36185,0.42139709429576244
36210,0.3713798673084248
36223,0.3473666153957455
36295,0.9722663697492666
36299,0.8595006580192626
36301,0.7531303774636766
36329,0.5209685312634793
36348,0.6512365192991905
36358,0.9584782518485098
36371,0.8524727450066215
36372,0.6880855858819521
36418,0.36140094984507576
36419,0.39428463548489034
36434,0.4252355935152415
36451,0.5949497111377865
36460,0.5464151644467725
36540,0.3578878837001986
36633,0.5168070248183327
36640,0.3257332730635157
36669,0.40424674950803197
36687,0.6986840366843036
36694,0.3381826805250095
36700,0.6468715696167102
36721,0.8290467758788966
36739,0.32537874005767403
36748,0.7689988083760501
36772,0.36148770509611095
36776,0.4016565151045859
36791,0.42333245261542696
36805,0.8882155160427501
36889,0.6826832823737107
36916,0.7301615103510746
36947,0.3666366181407224
36961,0.8892286774471725
36987,0.34232199596143414
37132,0.9997520698594495
37134,0.3479192164145388
37177,0.3564335225827898
37185,0.6009467791242029
37226,0.32682253621161145
37233,0.37142843931097524
37335,0.4724768387564671
37348,0.8669823445123781
37364,0.8754289479893499
37370,0.37044670185224066
37380,0.38495073008198094
37403,0.9750811968905332
37410,0.3578077262414653
37429,0.34538058129827437
37465,0.6072369612374982
37477,0.3306322628253473
37484,0.3404013604086601
37511,0.3520438892570435
37515,0.7219924585933499
37516,0.39187952750417226
37589,0.3182916091436012
37608,0.48132367077893995
37632,0.33188673490744347
37682,0.5568761717826219
37736,0.6548597513239295
37812,0.5209936438520084
37829,0.8190068979361113
37907,0.35049944481583106
37917,0.39151348466732255
37927,0.3993217266983679
37937,0.7589917318850692
37972,0.3879818825727008
37995,0.9585414746891758
38036,0.37407449566801565
38038,0.4752185737492306
38040,0.9273696099935513
38047,0.3917923347002005
38092,0.43487051397803816
38109,0.9778472166081392
38110,0.7775693784844623
38171,0.5765796798929476
38175,0.5261012840054823
38181,0.35011774449115424
38182,0.347371288220789
38201,0.42273152694158667
38226,0.4764730610193059
38235,0.36228624294873163
38281,0.4258583685518113
38295,0.3280957496000986
38308,0.549269882139601
38332,0.3263517870465656
38342,0.893823099974391
38356,0.3669580474573507
38398,0.6113509170986486
38406,0.5514872948251119
38453,0.4058422156863844
38462,0.5088888326015232
38498,0.41629343109130684
38561,0.3941421464355303
38573,0.5972794218266352
38603,0.6503808620119097
38682,0.337035978782598
38690,0.7241513955793747
38703,0.3298335106644986
38704,0.48514483655539564
38735,0.35901721333045683
38740,0.5429544066332803
38744,0.33852303585535454
38756,0.45698614265639736
38777,0.7722077162414487
38785,0.666208112631606
38792,0.3361964005685598
38798,0.9663010302645755
38802,0.3156648105261853
38804,0.5282553152151412
38809,0.42229602094061924
38827,0.4573472263158341
38844,0.8382180551872116
38849,0.40413013044220114
38879,0.316166990339894
38895,0.5525385236234761
38935,0.7954240616593214
38963,0.36235022517402327
38968,0.3341706097204015
38970,0.8263403841041159
38978,0.3250229039683447
39012,0.49288685835756546
39028,0.34533762133099144
39039,0.4831475734800392
39075,0.42691088688365
39077,0.3278368111106646
39226,0.373253123459517
39249,0.7051170889129428
39252,0.6902571154917431
39330,0.40367776091426844
39351,0.525859059212391
39369,0.7848140116998598
39402,0.3974121633220481
39484,0.6518423506713898
39513,0.6084764228816336
39524,0.7572574420284357
39534,0.360106396248979
39581,0.7635354760905539
39663,0.5463055308434482
39748,0.7380617487409742
39782,0.3694962356170813
39795,0.7271478848883245
39841,0.4405181378300866
39853,0.6639523463330914
39882,0.4478068860210768
39896,0.8003736866439219
39942,0.3466361928004515
39950,0.38420459572845955
39962,0.42701686583083703
39964,0.39327881657238173
39973,0.31902099045140475
39997,0.5576721694197748
40002,0.44465538953255795
40016,0.5085194023285527
40034,0.4006982959657373
40042,0.5466632464781302
40057,0.49092859488639334
40109,0.848744072364118
40127,0.4759400771664808
40159,0.6099791134262393
40220,0.6251560019512146
40260,0.39642261682922403
40327,0.5369228416672677
40358,0.8331557103716387
40403,0.4998913286270921
40422,0.9570217866817994
40432,0.36281333069547017
40436,0.9833405734423093
40480,0.5261078421491805
40498,0.6870379247941097
40506,0.3285993870963097
40525,0.5321966837343515
40552,0.6452091937725813
40573,0.4948616560908421
40588,0.55780699729648
40598,0.3727548946742817
40603,0.8749029712853871
40621,0.3488152258569437
40694,0.3496585001561478
40707,0.4613012708320412
40725,0.42233315615776745
40733,0.4849321156807751
40740,0.4757365872967401
40763,0.3313077525434045
40766,0.33047409841414377
40794,0.8505051655077999
40843,0.3363332789391117
40890,0.8773730871618324
40891,0.9485399282095378
40943,0.3810841536860017
41017,0.3978802141059361
41043,0.34797422665384475
41045,0.8165312440121433
41061,0.6870379247941097
41075,0.6301874490655909
41101,0.6154033355353103
41144,0.9135316765368628
41145,0.37791449953048645
41187,0.9671506272830647
41196,0.3343378942801727
41212,0.3280839501861526
41230,0.39191357504285107
41260,0.6541205322753059
41282,0.7259096157687447
41332,0.4184327590666673
41384,0.9274337117043968
41404,0.37116791532787574
41465,0.7181598203990297
41482,0.7717878540334165
41493,0.3260498904629874
41526,0.4615100207552389
41536,0.40233018944884286
41546,0.9547806793641646
41564,0.4497517961562085
41592,0.5494878035961132
41612,0.414684052428227
41618,0.3468818530181762
41620,0.9695841527909229
41629,0.46487268428463524
41668,0.3463892859006078
41713,0.47668668094074435
41739,0.9852978455188153
41775,0.36870260493568524
41800,0.42740854332853334
41902,0.4729876903427172
41918,0.795730612939336
41942,0.35832627363566844
41945,0.625637358235967
41956,0.35955480576071563
41996,0.9758695485396108
42011,0.3500711480306539
42042,0.6254933202665847
42122,0.6633113639889406
42174,0.37061436836563577
42188,0.4556158118501891
42208,0.5513347481132118
42221,0.5376194944256454
42230,0.3184923158624429
42250,0.33510651846943984
42259,0.7965938213388029
42283,0.431879074582952
42323,0.43913168573528966
42354,0.5245379630939735
42417,0.9397938691503174
42464,0.6440720532421522
42471,0.41453782076047263
42476,0.4999879794195318
42486,0.40345989069885235
42527,0.7245773439136959
42559,0.39070819982315685
42560,0.4015473219145882
42576,0.598755651436657
42628,0.36661940437575474
42640,0.41700523492286506
42650,0.5175510962377344
42655,0.7873181395238676
42674,0.45136782456111824
42676,0.4094171381964036
42683,0.4020991764013078
42693,0.42747967960388583
42776,0.6835284154431288
42790,0.3613967000579029
42798,0.37728406815795856
42829,0.8167893030572393
42833,0.453109787219708
42854,0.3460287945413915
42861,0.9592275330722438
42865,0.35066448090557695
42886,0.4293267970363948
42905,0.3404721328916114
42907,0.37418285197563295
42916,0.404122959178674
42919,0.40957532745743747
42948,0.7949521638968762
42953,0.3420904323932507
42992,0.4780273531589068
42999,0.35100314726638293
43007,0.4672060547203915
43014,0.38696991287088284
43033,0.41668231683504464
43074,0.5626932327848504
43105,0.34676640522033375
43109,0.5595206055702223
43117,0.33974507061952275
43135,0.375786744935775
43147,0.3920004933195726
43176,0.5738081174825335
43312,0.45838298957866264
43352,0.515860734769631
43354,0.5252508761556383
43377,0.4570761308556175
43414,0.389394845775158
43424,0.3477690741434181
43438,0.4288090954066851
43472,0.6370302905781015
43506,0.34285019993454824
43527,0.752867214717253
43537,0.3431889549491339
43561,0.4504640553035745
43563,0.39456182114769384
43567,0.4139372611807839
43678,0.5007739181969059
43704,0.8887036379054634
43733,0.9115914954211537
43753,0.439291967321291
43774,0.41362143842156246
43802,0.3263443776758043
43886,0.8072029993120242
43892,0.42214945356519085
43974,0.3658691045482907
43985,0.37800538796425254
44014,0.6504708510001984
44018,0.3261371617441382
44033,0.3853289345096453
44048,0.3468943111490709
44103,0.3343365859838078
44146,0.6874326220737004
44162,0.43917482801160923
44188,0.3626960857125548
44196,0.32794884809056174
44217,0.8169716354836957
44221,0.45456696054943296
44270,0.5001598177423291
44274,0.395269739109601
44307,0.6506695213140947
44345,0.3560049187248995
44445,0.3401036273979876
44448,0.5753175474665825
44455,0.4601427694301448
44461,0.47229182859149377
44480,0.3911097492226655
44491,0.8368286101449881
44524,0.35016410222151106
44595,0.4268089592861156
44680,0.377746099261255
44711,0.7252885369746734
44740,0.7594080225914798
44768,0.3912479983375931
44837,0.608582364142474
44894,0.6358219517982976
44913,0.8657598241119675
44921,0.3771903162708826
44955,0.5339305237023825
45062,0.34655659633508995
45089,0.9839210965069821
45115,0.5439821625593132
45137,0.41591801970816544
45222,0.5205942173687214
45260,0.4422127686928744
45314,0.5099813630742209
45341,0.8392226131778322
45361,0.3302777172177425
45383,0.37130229995532776
45384,0.9314528771289542
45397,0.364416733657132
45430,0.8321155535948753
45444,0.850322555910902
45455,0.3533858263972918
45499,0.379691863139468
45525,0.6588282302479651
45596,0.46202277597353053
45604,0.815929827574684
45606,0.5394352833210184
45641,0.9399071238615656
45660,0.3533576856038403
45686,0.8608775708331982
45690,0.5270963670861812
45712,0.628275318590634
45746,0.8033099185261113
45752,0.3380247904738172
45769,0.6183136121588405
45774,0.4646981499766096
45786,0.6079487876492494
45792,0.6824158314533948
45794,0.4010622592754464
45816,0.48483741322671353
45847,0.3478291580140821
45860,0.45877067599733673
45892,0.7473032882532145
45911,0.6874423770680937
45914,0.5461507062078799
45923,0.8208191575304444
45934,0.36609606677858714
45936,0.4756322443331411
45940,0.7989048379425145
45967,0.5018917799993315
45979,0.37268163734668874
45996,0.47803728048406274
46069,0.8044468418409964
46082,0.8817710249237523
46184,0.5330419145025738
46192,0.33586749066955485
46210,0.6814145569216077
46228,0.46529767742302747
46275,0.3980254597796144
46286,0.4546566975857781
46292,0.6457807980324607
46293,0.5571339413537989
46320,0.8000039130296625
46337,0.8581505087485642
46339,0.4409520503106015
46365,0.5968052540686761
46484,0.4065357360336578
46492,0.7093320984906502
46563,0.9244267998498735
46582,0.4176720805145422
46589,0.3324387979082173
46636,0.3118668748883987
46683,0.9348015169391642
46712,0.7283434832558318
46791,0.5726880868795982
46827,0.5281856319026859
46842,0.5985357501837969
46859,0.34856077954643555
46890,0.5318180497841472
46920,0.9188874383881649
46943,0.3438636398890042
46951,0.3383329783802298
46958,0.4132874631601156
46960,0.8258518532209023
46974,0.38946672407108873
46993,0.7174884631630033
47068,0.33938851405151227
47074,0.3744460217406974
47085,0.5266921585266379
47148,0.36364460593163733
47172,0.6826897415487956
47189,0.39938652425898463
47204,0.8176239478373818
47220,0.9066808646108904
47276,0.35028077747444286
47283,0.4448849285457706
47289,0.35110924242204367
47297,0.6280409830056128
47334,0.736511497334811
47340,0.6785775942846903
47395,0.30822085498848467
47413,0.7807241421292132
47422,0.3391508662641877
47442,0.38321791461017174
47445,0.6218062250746316
47447,0.3633325212910514
47461,0.6447122446926836
47484,0.5552077546575461
47492,0.3329228736559582
47516,0.38807705852849245
47552,0.5943841778183706
47582,0.37165921615483605
47585,0.6863198187648947
47606,0.3403179085845787
47619,0.3804063815978455
47628,0.43177210361551244
47684,0.37420357753091804
47690,0.37313129209861995
47693,0.4576644615339757
47695,0.35116478249885585
47774,0.3532996877400639
47812,0.5731910006137596
47829,0.4456332711114686
47891,0.38522061920243433
47906,0.4662219088345749
47915,0.35252799480562275
47922,0.36298796208520867
47927,0.3279613905429994
47942,0.409541223047988
47973,0.5507237533741091
48019,0.8347506296696047
48052,0.3886714433554073
48072,0.5361677372787174
48133,0.7435471975660917
48141,0.3521002269636796
48154,0.3825621213949379
48167,0.43831909438587735
48170,0.3355957836875037
48252,0.6870379247941097
48271,0.9997356810544432
48282,0.3622194385158317
48328,0.3575612300831056
48330,0.6034512519969892
48337,0.4950572931072943
48372,0.9694319618776236
48373,0.43379631916592787
48409,0.4691022252090114
48422,0.6549794750442206
48423,0.8332710920662698
48433,0.3453260401662363
48454,0.35220860799573495
48471,0.38856917081299025
48484,0.5537570486613919
48488,0.40319107154429124
48530,0.33777631654428386
48599,0.8218424588516525
48624,0.5487748517452553
48627,0.35208886646246906
48717,0.4551842366968802
48754,0.37655739257765297
48764,0.5398140943875958
48771,0.48108556399529273
48782,0.4454173284347859
48799,0.34028101803492916
48825,0.32733437464105375
48897,0.5061042265373129
48951,0.9389909460235186
49024,0.4315677563609632
49029,0.47934886219755163
49073,0.472910508180197
49087,0.39949720314126624
49130,0.34789390677885673
49136,0.3947853586423115
49183,0.6258337897231744
49243,0.9075339436024801
49255,0.3722320225099902
49261,0.39946628619378105
49264,0.36500853760290963
49298,0.341004501859133
49348,0.6225215986900062
49426,0.3303713639756578
49466,0.5533779375587664
49468,0.45724990753222156
49544,0.3797813921237943
49570,0.42047827621940015
49755,0.391260588680088
49783,0.4357497319299923
49796,0.3425290203987275
49802,0.7067827044048813
49826,0.3727676985402189
49877,0.5101883304740191
49879,0.4570761308556175
49884,0.4357085964016295
49956,0.5157145587011976
49978,0.41419918195871286
50009,0.32836169390696457
50088,0.5001083575172149
50090,0.5893698368451312
50093,0.7421088390776169
50095,0.7209883792061184
50105,0.3698461875989084
50131,0.39792395237342193
50161,0.5568439244132312
50175,0.34681955791559915
50188,0.37805800440304194
50234,0.9197425652198938
50239,0.5519902507189911
50248,0.3910620569990718
50260,0.33001868005568
50264,0.8151951372999017
50270,0.33686820218114016
50297,0.4608707845860646
50327,0.4306622197044383
50405,0.36150173109449213
50421,0.31807396713852304
50512,0.9603222870449803
50525,0.48644317095650325
50563,0.5234085944706848
50590,0.38577623934425953
50607,0.6991625359268347
50609,0.8176695857918571
50626,0.3727387516053833
50647,0.6861602920125123
50680,0.3957425840616293
50688,0.35772482753222345
50698,0.33060378821121617
50727,0.5247452021244482
50796,0.7104721284913187
50852,0.42162521489307814
50859,0.5319314728010862
50911,0.6956188173474231
50926,0.5654808153489191
50927,0.32597673229404756
50937,0.7719776795377774
50979,0.5059573625050409
51019,0.5200736258063389
51030,0.4739728521577252
51111,0.9561710006347163
51162,0.3933037112068506
51168,0.3277724874572565
51172,0.7777238962208298
51236,0.41009209954837356
51298,0.40126321064522535
51312,0.38518162032333364
51352,0.40700399713777613
51440,0.44462864325401835
51447,0.5393418784538822
51451,0.3623437610581608
51494,0.41250599141688193
51518,0.9149813598167256
51524,0.3240757391016956
51529,0.3598042972192266
51584,0.45820696510979236
51592,0.3577365399499725
51660,0.42629340609212035
51668,0.4889997022619405
51670,0.4592354165802417
51678,0.35397483758746545
51690,0.415532514791113
51698,0.3968465631118836
51707,0.502169857149587
51710,0.5134353474251369
51748,0.9021254167867679
51751,0.37079763997396986
51757,0.9573773343407598
51874,0.42129882776472866
51876,0.49901527293683856
51886,0.33879665870757
51916,0.5249530764314599
51929,0.9462752481932216
51937,0.370230973260553
51940,0.43492343454871524
51962,0.7483292418031201
51971,0.9749510896520371
51998,0.4994810728356792
52001,0.9621918141406773
52009,0.3500914911438437
52070,0.43623493229662946
52079,0.39049253113864746
52080,0.33100270159863054
52131,0.32429768338257203
52141,0.3705648512383398
52148,0.37559362041511224
52151,0.4524572573766048
52207,0.4451423656938665
52208,0.8100062911756718
52230,0.3256531814800916
52264,0.36452644405956225
52295,0.6258682332645186
52328,0.3316441349820273
52349,0.41878273165803187
52388,0.3478848132002488
52402,0.8129015467661832
52406,0.32595665876535596
52498,0.32506385112031205
52537,0.7957159001928402
52540,0.48394259910316895
52541,0.33512217306284053
52549,0.32731483965347996
52575,0.39576309115447655
52593,0.45643000483303087
52721,0.3463751992396205
52730,0.3762437602460763
52743,0.7018633515629321
52806,0.5056806062759066
52809,0.6091163551981574
52840,0.6427772812277583
52876,0.37951976787111236
52913,0.5783330817206822
52942,0.3819488808701903
52953,0.3889311393258276
52957,0.34469190109532927
52968,0.5265216518999777
53040,0.46861845497124055
53120,0.9830002910737198
53138,0.713891368007587
53153,0.47409556665332675
53197,0.49168193163045415
53272,0.3282902494704347
53282,0.5997242648169819
53295,0.5495828104387468
53296,0.4850519228736811
53307,0.3591714668152717
53308,0.4615625188771345
53355,0.9146386103368317
53455,0.45883735742252124
53460,0.3250938735929674
53553,0.34611029335304067
53554,0.6595336875705724
53563,0.5069340855150475
53569,0.733884685098607
53597,0.3607197714589904
53607,0.3661101189166279
53747,0.47890760907296276
53877,0.3769510164089351
53888,0.7133168162575995
53918,0.5038086016706684
53921,0.4670699048866109
53934,0.4629422360166945
53943,0.3255007791238536
53973,0.8071122598036665
53976,0.34406626285255304
53981,0.5695486600130317
53988,0.42020853222509713
54009,0.47659733992272046
54029,0.4930160183009027
54132,0.7006370666940723
54163,0.470615731167814
54202,0.3918078216848473
54244,0.49556360953585454
54268,0.35467434235698486
54309,0.4791093210370264
54382,0.3712724333404858
54405,0.40884759693216144
54407,0.35699120042990495
54487,0.30998028189619486
54504,0.373818723572179
54522,0.400993047646197
54543,0.9462605998143682
54616,0.3410590383502462
54639,0.3669234492118523
54677,0.3485424443159782
54693,0.43006078179711615
54752,0.34497612986581694
54911,0.8585023585772851
54917,0.5486645563242936
54937,0.32655989088116405
54938,0.34832559971383703
54946,0.972363673166834
54967,0.3492863886666663
54970,0.3656908747712613
54973,0.3727360872511012
54979,0.4357453335709267
54993,0.5232565386602386
55013,0.41087910916244075
55054,0.392117589318432
55064,0.4569812228437468
55095,0.45826857974945157
55109,0.4413884650536094
55133,0.3766628725408584
55268,0.6187441621291138
55326,0.34904049003267734
55337,0.3724754960779208
55344,0.9762373209584153
55369,0.7546628051353574
55386,0.33074094654232555
55405,0.37466477099962386
55408,0.6636786318496632
55409,0.41589191291967803
55425,0.3246593852109569
55436,0.34786361866249693
55481,0.3594217301356702
55533,0.5887153826891205
55554,0.9018790614842167
55605,0.8976681984528522
55610,0.40333737145411996
55614,0.3356670175002257
55629,0.6893855575638798
55682,0.32671569565168435
55718,0.43668630225205607
55726,0.5447237869862122
55741,0.40759467260497156
55752,0.5345903664094662
55760,0.36566656562540406
55783,0.37924864985727186
55785,0.4149793328077987
55850,0.41025103000621294
55877,0.8790862055732245
55911,0.32765678092561146
55967,0.3711594047869986
55968,0.37551371390094895
55970,0.39968849670574175
56078,0.3643440199457723
56080,0.43872532559167876
56120,0.6262237309858324
56144,0.4706367945864267
56152,0.6661571965590519
56153,0.4176590403697696
56160,0.4822607281304302
56185,0.8641985960478499
56200,0.9622593799894705
56243,0.9040529604884836
56251,0.3273752396101589
56294,0.4872876212970508
56322,0.3341358175819791
56379,0.3709372295548799
56389,0.5832405438939952
56400,0.8712680184030991
56410,0.3399971558461909
56411,0.359904933074088
56421,0.5589362047676855
56464,0.578258721264313
56471,0.4000356624541243
56484,0.33170089095690547
56515,0.6795534554975925
56548,0.484059931665143
56556,0.6738959175063419
56583,0.4673609901655517
56585,0.39250255376094656
56635,0.720040128433946
56644,0.3533631980855287
56646,0.32170095990263464
56696,0.4735679083502679
56713,0.37613256781163634
56717,0.34045790387892316
56737,0.3867573313131434
56747,0.41003880307745905
56765,0.3914876841976819
56809,0.4739557009857981
56826,0.5540763916420034
56837,0.8347275883242882
56858,0.4373615579755962
56864,0.8175206727218844
56900,0.8868582359587178
56907,0.5203388154358819
56934,0.36066605386987216
56945,0.39785373292915793
56960,0.6594218891407245
57062,0.3901094438921973
57122,0.3469635516603169
57143,0.4111257648961992
57171,0.3416538687428312
57204,0.47226540555456736
57235,0.5508397918674076
57290,0.7877417319248582
57315,0.4585752596873059
57337,0.800336073812647
57403,0.35047721068279786
57404,0.612502319841775
57431,0.3589759012843556
57435,0.3437068883645322
57606,0.5070853630972887
57649,0.36961361665750736
57702,0.32773336171867495
57746,0.45590539321799967
57773,0.34916945942975797
57787,0.4375680962935567
57798,0.3439216875199083
57807,0.38880853640076
57827,0.36153774215513346
57845,0.3284204582178859
57868,0.3497663353899437
57869,0.6454576592176146
57895,0.3873035090206028
57925,0.3547934992865759
57970,0.5306201386609204
58018,0.43373403742412764
58070,0.5481211920361378
58098,0.9274504560882615
58107,0.5937246852484759
58145,0.3458339383345698
58152,0.4313594227701932
58203,0.858881628408348
58231,0.3891781478280923
58252,0.6341063273606431
58311,0.3278862536272069
58315,0.3632048639045642
58333,0.4382109516248882
58346,0.3717890385313376
58398,0.3883176337012765
58433,0.8937672863645796
58469,0.38470915206600464
58478,0.3480887929177856
58480,0.3510653146690335
58509,0.44341318271284785
58538,0.668695945667961
58546,0.4362136670619376
58567,0.5529346229101081
58627,0.6047517386316587
58635,0.36442645275599217
58667,0.37794655600816246
58710,0.34820196226499966
58716,0.967032021097964
58726,0.3670662869183238
58727,0.35977326195038006
58733,0.3327038430217705
58746,0.7031873780928783
58772,0.42430985906977553
58789,0.772559277000753
58794,0.6674235093775918
58817,0.49941583935673173
58833,0.334575662635177
58836,0.8583078218240561
58837,0.35660791891212457
58844,0.7518239883237011
58882,0.33545932032671316
58932,0.3423609212329973
58956,0.3596380403673007
58999,0.4143714518654843
59014,0.49092153126966864
59017,0.34092483154710007
59063,0.43005823242282537
59075,0.5555621691313157
59122,0.47060163975742003
59145,0.44794392204739214
59159,0.5375464754677141
59168,0.5565970280523672
59169,0.6446696403921689
59197,0.33547714899303055
59244,0.3939624928055551
59253,0.33942186370406385
59327,0.5279109801751388
59343,0.34938716673708886
59346,0.4458400459906915
59350,0.4135445602986514
59355,0.42600978886087126
59386,0.8405161385067572
59412,0.7482313119577126
59418,0.41342138736288603
59476,0.6700575459076075
59654,0.3162924531525368
59714,0.6795787561505239
59738,0.8296906566030984
59805,0.7028942777837178
59811,0.45977839053560504
59888,0.5767985120191885
59913,0.4859703772902994
59946,0.43216776015505187
59950,0.36962650380347895
59959,0.48943500010539465
59966,0.6136605669739036
59974,0.34924141308516493
60005,0.5025731209751177
60019,0.8333201712972834
60031,0.5967357022113813
60062,0.946233778575364
60071,0.3932813348111051
60202,0.3744182412570402
60203,0.3981992480190579
60213,0.6382752916000454
60218,0.4162152791953927
60239,0.851186816121978
60240,0.42283984311489
60243,0.3487735884697247
60303,0.3389025901322749
60351,0.4671164863028647
60357,0.7093771082623336
60363,0.38410825135876486
60450,0.33561310259936417
60505,0.5251370388558645
60531,0.33142160920963093
60535,0.9973915921797766
60536,0.7603774378931494
60538,0.3677667358470065
60555,0.6206145725717255
60568,0.7017116095475122
60589,0.5177505852784965
60595,0.37922444746367595
60598,0.36166473786308706
60642,0.3774211290856133
60693,0.4190940175493409
60697,0.38489894661531643
60700,0.41075747876620666
60762,0.5764563956827131
60775,0.5306278340737426
60910,0.6913073390611146
60967,0.3860179708090634
61125,0.4392211120163834
61146,0.5861767551222989
61165,0.4610010921691722
61213,0.6065909129120213
61233,0.3505021323252074
61266,0.46140724707925
61302,0.6984491528334553
61332,0.4353493496649322
61387,0.3551706277037503
61400,0.5897796251987211
61419,0.43531183900351395
61492,0.36031813331912554
61495,0.5893569722987962
61502,0.39278966868206716
61515,0.3881923054902183
61520,0.3492947846314925
61543,0.35078789435091035
61545,0.37231253938416553
61586,0.3767837284307166
61604,0.8995833980957646
61624,0.8304089787515203
61685,0.39221899073452987
61707,0.42816484697556095
61710,0.9018937931350531
61723,0.4144787273004353
61733,0.85373907950744
61738,0.3750937372833098
61767,0.4454546806325729
61773,0.4129429816057928
61796,0.32851781981857653
61819,0.6376969651695529
61867,0.4214415710536906
61894,0.8072029993120242
61906,0.4791876345581724
61910,0.6765986368679497
61911,0.4382570208336565
61923,0.33384555480863487
61929,0.4088906956447785
61938,0.43606336406578433
61942,0.7185014437328597
61968,0.35132193870931405
61969,0.39201645735896434
62001,0.809599363179816
62063,0.4963603215576808
62067,0.3514237120276515
62108,0.39481700064944875
62122,0.42075869046601083
62125,0.8348749779103541
62173,0.34080791393024246
62186,0.38509248380250966
62205,0.7797306772538811
62208,0.8510767211328517
62290,0.3412376552717841
62300,0.34540570975805074
62372,0.36244942417828696
62373,0.4860214183997096
62394,0.32435381511822253
62440,0.343800568599391
62441,0.41987986131672755
62464,0.32869219311946196
62479,0.3855678866489975
62484,0.44741147274335985
62493,0.3861032179628866
62529,0.7886483599440705
62554,0.3683037427730923
62580,0.32354649327142043
62582,0.5330694446153981
62668,0.390997121385637
62679,0.36693821134296195
62687,0.4077124862679647
62760,0.3740647116937215
62763,0.5937420882868751
62775,0.4414156701041512
62821,0.5067622207611299
62880,0.4418856734855212
62944,0.34414523122796625
62956,0.40075747262885814
62957,0.47414871325592217
62961,0.6110789821339098
62996,0.4436669262760692
63022,0.38301542745162415
63080,0.3438123616370052
63130,0.3192066409105524
63139,0.6378910797945928
63151,0.7450206258575888
63199,0.40130968108158227
63236,0.3169009304812872
63241,0.34153586889998405
63265,0.36954739925835256
63271,0.43186715285722865
63292,0.48771492801105676
63343,0.34796835067780574
63354,0.42379872870493984
63360,0.5393918451587102
63407,0.5571433737752507
63438,0.3805863420097672
63439,0.8258469824514155
63451,0.7891668888413615
63456,0.34844172189706196
63479,0.38738801841819964
63551,0.9795739448636868
63561,0.3704503994602494
63586,0.35865525226205525
63589,0.5820315178460189
63599,0.3657619336053921
63617,0.39499740513649284
63645,0.7636775705217402
63704,0.365891385638258
63775,0.726222927320702
63801,0.645029319342825
63892,0.346570350698134
63916,0.7346866438324874
63928,0.34702712341853464
64016,0.5531478668791805
64027,0.3429701844209763
64034,0.47831700670410626
64067,0.3436311523553027
64129,0.5415829675951261
64184,0.4109492713158541
64200,0.5514781743249182
64236,0.3746966052595766
64275,0.4070643105231723
64288,0.5539648936921355
64343,0.973138612271108
64345,0.4049146309367196
64481,0.572286998820875
64513,0.41887000341154884
64514,0.6265513888672805
64527,0.718129235496474
64622,0.34058386280379643
64687,0.5917427708777249
64742,0.37880453698221306
64778,0.38633842706568194
64795,0.3487259910860755
64841,0.40878755351529344
64847,0.35792458413338446
64873,0.4013249666547922
64914,0.32764140907866257
64930,0.8109878935786303
65148,0.9535748723427961
65189,0.9036795388781317
65205,0.6398182200576411
65208,0.9399572508580641
65256,0.5419362992654572
65288,0.430223770476531
65315,0.34491931681691396
65317,0.5185456727113866
65335,0.6768699119992104
65368,0.3430226754446015
65395,0.688372929867494
65405,0.32734961031257126
65503,0.3861661810378738
65537,0.579142351883003
65538,0.6896822278279838
65550,0.5324517548527178
65598,0.3689542338153721
65622,0.6970145373578382
65660,0.4363913737887293
65661,0.35598758620936205
65698,0.8608398398952982
65888,0.5596038714037536
65890,0.3857791125968285
65930,0.32521981166287683
65936,0.5712335716891973
65979,0.36971018319896554
65984,0.6684048193192458
66029,0.35558561355467566
66088,0.37084808513087536
66089,0.40052179141199695
66141,0.713891368007587
66163,0.38001238245037927
66171,0.3615891160072558
66211,0.7037524934684875
66217,0.3387499941818022
66228,0.3821647070286441
66231,0.32854999726945094
66242,0.6585896810169455
66256,0.4550423098003344
66338,0.8737617453563757
66344,0.43310657008995546
66368,0.5473033437197634
66430,0.3633366559373645
66436,0.3388158870395849
66479,0.6157942214699835
66495,0.32391671733615607
66523,0.4822687599827988
66524,0.63620674311343
66570,0.4355709186726271
66577,0.42138825377692357
66612,0.355093262334461
66638,0.43661066678625926
66649,0.36495948192572236
66669,0.46991142171274275
66765,0.3876661249096123
66766,0.4305859934303769
66807,0.33411560090958514
66873,0.3305516091342949
66876,0.5362428390868157
66898,0.6178314315359967
66928,0.3856876111367617
66933,0.3860490431334938
66987,0.4760170071130998
66988,0.47776740937641016
67066,0.3494238924011124
67105,0.5451458151506621
67152,0.5126268758269689
67156,0.7588420445372717
67164,0.33004387378353023
67224,0.34279513325596106
67269,0.4685188169179165
67285,0.35240879037994416
67414,0.3694401847192934
67423,0.7451747868203347
67444,0.7772071137936066
67466,0.32426764033849004
67470,0.33715910350146366
67480,0.3431193280006573
67524,0.36269654036927607
67537,0.3917664122869638
67552,0.9822673664047298
67556,0.349905528047719
67611,0.42269819856432683
67666,0.3695762166032566
67700,0.34812547457364634
67715,0.37093483906643754
67731,0.3470535955340475
67747,0.348756450356467
67774,0.34668208318042715
67782,0.4876935000690381
67810,0.7873340314769334
67880,0.3726743241283436
67903,0.6339614500318212
67940,0.3607490039236207
67948,0.5734914000690107
67955,0.3800470175651919
67978,0.44681747079294537
68003,0.9147202535440258
68016,0.8605617852551136
68018,0.9069258259705517
68026,0.5861212514179286
68078,0.46883893101994106
68086,0.5389568096105579
68126,0.9589409334655331
68167,0.36686925921378666
68263,0.40218599344217926
68286,0.348893886099379
68298,0.39556643505026157
68306,0.4012008581475603
68309,0.9385141651613242
68318,0.4052319204142107
68356,0.6546899252182901
68434,0.4205078442242768
68436,0.37595433536965484
68473,0.32776070713074035
68494,0.4743305858948745
68496,0.4117031782969939
68627,0.3301605547317213
68698,0.36676227015919005
68750,0.5249906265915673
68782,0.34260624200943246
68803,0.37213296401068896
68809,0.455134289710954
68814,0.48663725101297306
68837,0.8311893994291294
69001,0.3470678850786016
69015,0.38768478320510835
69071,0.32312733322071546
69086,0.47655316202582876
69099,0.8531390203296063
69117,0.4828894881849902
69120,0.38244697315255743
69202,0.3509727494216114
69233,0.35514903991984376
69264,0.37339048711122474
69267,0.5087242137484368
69300,0.35393353664365085
69302,0.4101574442271698
69305,0.32766680470805115
69338,0.32573455925893524
69344,0.4554558646541872
69371,0.7891154804556002
69384,0.5712198333320049
69437,0.3719844320805558
69446,0.8626891951316585
69477,0.9068617025533781
69514,0.4496380988018165
69560,0.322375847639477
69570,0.4156519124179914
69597,0.3290965057530515
69610,0.32676375725533724
69646,0.31934843289169784
69662,0.5925781889098904
69691,0.3491818652093005
69712,0.34318100033706184
69787,0.39521797149483495
69810,0.3351228869076655
69811,0.4192574583987443
69812,0.3393017696544374
69866,0.3903311720625097
69870,0.3420030958890974
69898,0.5853200861206925
69987,0.7912786279072229
69993,0.5927380796881474
70003,0.7267876700056591
70070,0.33745591848038253
70083,0.3283034385512046
70087,0.48012019477067364
70098,0.4399941012258447
70106,0.3989208536062869
70110,0.6870379247941097
70161,0.5440346186065712
70195,0.7673089820598277
70227,0.4613920616420919
70260,0.5521959972531423
70286,0.3826853185494798
70287,0.48147429716482554
70313,0.8961510206743676
70334,0.33087129550865024
70355,0.4739973112134625
70370,0.8437987754408321
70383,0.6265341725285111
70463,0.3961165762474449
70472,0.433894897844187
70488,0.3818180082224755
70504,0.5333181448619139
70545,0.6044351414755852
70559,0.8727325908225175
70588,0.3558486501985971
70687,0.5221799222534385
70695,0.35267631580762465
70706,0.3476323112674041
70713,0.39945199469334547
70719,0.3480074835892625
70735,0.8971282149150288
70744,0.3556688024246136
70788,0.4185747504302865
70804,0.6299717897679539
70813,0.4004969937292183
70837,0.41132625620752244
70889,0.3139481630817601
70933,0.6335820256006899
70978,0.5655974565395403
70988,0.45739940627157244
70989,0.7076948283408476
71014,0.3729825269685725
71022,0.39579323332671157
71030,0.381871989386883
71032,0.3933014498131815
71044,0.48847673489655685
71083,0.32593400693345126
71135,0.3652223306687437
71143,0.328301164637418
71184,0.32765442641821513
71199,0.7613952640326705
71220,0.344957331144413
71260,0.34476294115098144
71282,0.36993208781028913
71286,0.4857914705061863
71298,0.6783920101719801
71342,0.5345814508811997
71424,0.5520716761279834
71441,0.3814732246339432
71443,0.5881829457605772
71468,0.7817871506611317
71522,0.48084511487392834
71559,0.9997348066871405
71741,0.3829363117072295
71752,0.5450990943427908
71755,0.6755860098464277
71771,0.8953103764541884
71774,0.371630456536047
71782,0.6870379247941097
71826,0.38886618374292103
71847,0.3733140660898568
71848,0.8867613007780739
71893,0.3625970737026381
71903,0.36562464061075
71943,0.8486843936569904
72000,0.6261818135855581
72051,0.417124119694064
72052,0.3981835479287725
72110,0.5500159740902905
72141,0.32701447277705264
72144,0.3378639021193671
72187,0.55100791960559
72220,0.37292570160144056
72235,0.37115272544220657
72273,0.5548072051721501
72292,0.58279892063846
72314,0.879536545913266
72319,0.4375046885128015
72341,0.36313741791986837
72359,0.33939047098596664
72407,0.39306270919343417
72414,0.6870379247941097
72419,0.7852880928271497
72451,0.45068501511588405
72459,0.3445850124385263
72497,0.7648086474766396
72527,0.8701673521765945
72532,0.7479171069306381
72550,0.5271642741823317
72560,0.7829962608422475
72562,0.3351931910358845
72590,0.3711352195671125
72625,0.34395794990221773
72658,0.4352845027123887
72743,0.6215838883185127
72749,0.43113062558275816
72758,0.45021317094411667
72795,0.41151543953110203
72799,0.5195465520286814
72892,0.4132370520397871
72907,0.3746258308639875
72937,0.6800372425361403
72940,0.526917122086546
73030,0.7580109459470694
73041,0.4819814458438567
73058,0.3381186227819562
73130,0.4157447642787798
73166,0.38295428437132617
73192,0.867112154085952
73236,0.36442263464865826
73242,0.7684126712453955
73262,0.3384543581935391
73286,0.520897267720431
73331,0.6384729661365065
73373,0.3925880658873659
73399,0.38480361988874573
73433,0.3483932313737937
73448,0.35048242103393007
73552,0.5764428752228371
73575,0.6509191038063441
73624,0.38270068614164415
73647,0.6444664459067775
73696,0.5895502080030494
73765,0.3904322583897612
73775,0.38376690524223717
73789,0.36644257275163034
73798,0.3649276683797873
73952,0.7941950236581017
73969,0.6302415343937711
73977,0.3209364764265511
73978,0.40761766796461185
73980,0.3627746786681909
74021,0.3997629851619936
74047,0.3840811706012037
74052,0.3522225286626743
74084,0.3449017964327553
74110,0.37098514583827946
74174,0.37403587325012894
74310,0.44537508502918366
74389,0.5732809181678442
74408,0.3720997539621764
74509,0.4604560799341111
74512,0.4974973960220176
74522,0.35340151244295254
74538,0.6286217651068358
74543,0.5440216913551689
74549,0.6763265415698233
74578,0.6381752479798134
74584,0.6870379247941097
74625,0.5128839648388434
74631,0.4675573689135313
74646,0.5010667427090217
74686,0.8880875174480026
74763,0.35950776907237564
74773,0.43300849539582204
74776,0.38775112854253924
74779,0.4623298009975105
74841,0.36496605060979875
74864,0.7126506051927579
74902,0.3400284579221824
74926,0.47276878914325665
74930,0.34065605014457934
74959,0.7783206625105548
75079,0.4117449553525191
75087,0.34647965289477817
75099,0.49621033568049866
75111,0.32551210042541945
75125,0.5240048908222432
75162,0.6135040554531503
75189,0.38033015828548766
75213,0.5852397028040607
75232,0.9997671756068696
75242,0.6437481489106864
75304,0.4577391322515553
75309,0.9063316442421877
75322,0.3515515841634803
75342,0.47217249489056917
75382,0.8155529268288161
75426,0.34546939389561404
75458,0.3429762210249049
75465,0.5840362850366609
75497,0.5774182397795261
75517,0.5710029157135538
75524,0.3256227960589192
75533,0.7860308818982127
75558,0.8229327437662783
75562,0.3396382758868896
75577,0.3848179444824617
75588,0.35153331917190117
75627,0.43441965401759397
75665,0.36060619146801953
75689,0.3225349907104889
75703,0.35752310430479795
75718,0.325778266917655
75736,0.3761491762165723
75751,0.404507447348906
75785,0.39783618028671425
75808,0.4111106167035453
75816,0.5279126401906636
75908,0.34188919046811556
75928,0.4035219694423931
75936,0.5028937024154047
75948,0.320480712483175
75958,0.4500716399108294
75982,0.41746975378986695
75997,0.38647792037363243
76001,0.37377499506738887
76022,0.38370881507665705
76027,0.416569951492944
76052,0.355686634258001
76091,0.45651828692970103
76109,0.9667226575934489
76140,0.43509490580456395
76148,0.45834265625056264
76160,0.3295309358990284
76279,0.5072797598419908
76348,0.37942176048042175
76474,0.5534004975682689
76482,0.40307120051619383
76497,0.35135423098039015
76506,0.7006370666940723
76533,0.8887036379054634
76543,0.47027534343905236
76551,0.9595264978438071
76565,0.39253264801197313
76566,0.4213917652725685
76745,0.3730327132699135
76767,0.3477353808594412
76806,0.3843754762619102
76819,0.9409790597323782
76822,0.5452554800197171
76854,0.8537170461898685
76855,0.3638662909326928
76865,0.35801295914340003
76871,0.35727763098896503
76879,0.620531205936185
76904,0.32697369899268086
76950,0.36287421196606223
76978,0.3271275077460192
77050,0.32954785096454225
77067,0.39095155228682443
77102,0.7510487207060141
77114,0.5453136803710655
77150,0.35578267368032174
77168,0.36901552015013594
77248,0.42024746533906643
77305,0.3762156031310523
77320,0.3389760951337056
77334,0.543013428408017
77346,0.6745327051197947
77389,0.43626746138576555
77410,0.5855930436866026
77446,0.3959460614639693
77452,0.9047618458429691
77455,0.35753939871699864
77456,0.3621263375664391
77461,0.6217361138917352
77490,0.3276161145742079
77493,0.35869046636845825
77529,0.9997356810544432
77557,0.47388657307983595
77589,0.6107161550138215
77598,0.42695026624597754
77629,0.9913531937072985
77639,0.3271493191041718
77643,0.3454587582884748
77691,0.9832949006339791
77733,0.8928738680312271
77752,0.3974444887237845
77759,0.7225296958278474
77793,0.6463410209035461
77858,0.5431205364484961
77937,0.3680785643143609
77939,0.3682444027639414
77998,0.35441481494869703
78020,0.4393559777934984
78054,0.9997520698594495
78074,0.37626872703154945
78094,0.42264254314328126
78108,0.38714834938369425
78127,0.3599750602142827
78172,0.40986790274289764
78173,0.5046518415921649
78186,0.34171625520500587
78195,0.5920705891775979
78224,0.8666707144429656
78239,0.32733468798004467
78273,0.5436567135149633
78317,0.3343607923663707
78336,0.3797489433485723
78350,0.5855043564286104
78354,0.41765285105285294
78419,0.4324323537260088
78459,0.7797933739869335
78462,0.3337696001722634
78471,0.6244238466364304
78493,0.3611538302287279
78498,0.37707212845717963
78549,0.3694871906562239
78560,0.44400251450429123
78577,0.9997354148418685
78592,0.5597091137444611
78652,0.5379175969524793
78655,0.3692272380091509
78664,0.5847621561777843
78696,0.3663570748089452
78811,0.4057632417953066
78867,0.5004608015156524
78918,0.4718866408259863
78923,0.7760771128841362
78947,0.5801999477508174
78960,0.46612125705852325
79064,0.41987282165358225
79087,0.3300832165326158
79089,0.7046023060201191
79226,0.9170038582151935
79278,0.5553500397809511
79283,0.35964190877757596
79285,0.9007529653253994
79294,0.7801160771332217
79303,0.8080453080932877
79313,0.5140015532996833
79348,0.6209839995536119
79365,0.37774459052726644
79424,0.5729690800051443
79442,0.5574150570411526
79504,0.5429664290689616
79537,0.318252421403029
79600,0.34374633335947286
79603,0.7256372155245276
79629,0.3692093592573514
79672,0.3479676643614128
79683,0.4689828578038832
79705,0.39045264772431126
79710,0.46876564761450445
79713,0.3568493521038516
79727,0.5723781108838497
79744,0.45553521112449
79810,0.9451040142525826
79820,0.5185973400267722
79824,0.5374609646822874
79882,0.35788071143380845
79908,0.8999218859615098
79938,0.5282629777965177
80014,0.8272448302295174
80056,0.62934781375311
80069,0.6509229713325396
80101,0.3594387428406078
80123,0.36906955697475297
80152,0.7978181414687466
80193,0.5148770776331375
80206,0.4387357162794829
80218,0.8369287105207751
80230,0.3185043729103338
80290,0.445554673261119
80329,0.40483103545612126
80341,0.3508864394059837
80375,0.4157945062224855
80416,0.3324066910316318
80500,0.34093628840416834
80512,0.372579805349796
80525,0.41407905904553
80574,0.7334910387144566
80619,0.44964303267664457
80636,0.3467917178013388
80653,0.32787849799164026
80656,0.37238344780602833
80657,0.3482416477085492
80665,0.390728245802384
80693,0.6570131151074725
80722,0.8198407341797129
80723,0.6410634096972959
80742,0.484139197312233
80764,0.858681171926953
80791,0.3462492932218278
80795,0.38101170428317477
80820,0.5239853046858467
80840,0.4428183564956448
80876,0.49908041498931816
80980,0.4660061789818028
81025,0.4228371438705823
81040,0.9625142512656412
81058,0.8778301665399533
81073,0.4484823215721338
81113,0.3656254217177154
81115,0.38389650498122513
81125,0.3469636875565171
81129,0.86500252438715
81137,0.3362233357292237
81158,0.5646815017680367
81175,0.44913897885019627
81186,0.8140099747567563
81208,0.34388426534417854
81305,0.3404404287696916
81320,0.34491240120201827
81342,0.35736454407118495
81408,0.7538297050278485
81423,0.4280721127461899
81490,0.8135005031292641
81495,0.35534218975433807
81501,0.7453833499705893
81502,0.3839542824747373
81509,0.4140256071821075
81523,0.8809799115400312
81585,0.43464919898942955
81592,0.6598344298192352
81700,0.40516078449843984
81724,0.3877940388707753
81797,0.6271424342056148
81798,0.5480243975498518
81806,0.7700951156939989
81815,0.4615706216523921
81816,0.32798199301476794
81821,0.4609405048103102
81856,0.3753798165643057
81875,0.6400935865163164
81922,0.6573136741670462
81944,0.43310253098718177
81948,0.3457877266297571
81967,0.37298369876133847
81973,0.37187475909238665
81974,0.4964652007755872
81980,0.40465435785462234
81985,0.4843199127907351
82002,0.3448321820062268
82063,0.3671067677626896
82105,0.5032620786714159
82131,0.4861992093383113
82148,0.34220646641322205
82160,0.338890146559447
82162,0.3914060269401438
82204,0.5954980875079022
82207,0.6717543063422475
82258,0.7858269473086708
82269,0.3649486007107253
82279,0.5772659485383519
82288,0.9385055396059793
82301,0.3990796360653733
82310,0.6046805462048267
82387,0.8499061644398789
82396,0.36246980049597205
82472,0.5176489025385675
82521,0.9526593950358102
82538,0.4040074046792426
82580,0.3692667136069956
82608,0.6796270434044513
82623,0.4304718163655583
82625,0.3404948513907175
82636,0.7080324105784744
82642,0.6724142378375993
82644,0.3403026632220995
82653,0.36847716709077327
82685,0.3280054372199159
82689,0.32029956091399914
82757,0.341898291636097
82759,0.5620427423656854
82767,0.7802370192710765
82771,0.8852397059998472
82825,0.32990958384798036
82853,0.3514961731475361
82854,0.36002059069922965
82872,0.3369189207548474
82897,0.3988349928651336
82951,0.4570333139352664
83007,0.36980857379472754
83097,0.36507625624185625
83110,0.4376306617123276
83197,0.748304982728208
83214,0.8072029993120242
83238,0.33421332737889914
83285,0.5898937063279296
83307,0.5149698440546628
83327,0.3918318843779403
83361,0.3625232814262902
83419,0.7051161175782076
83424,0.4828105044810203
83428,0.387813114224248
83460,0.3865766441863492
83474,0.4260762314832463
83543,0.36926284995691205
83612,0.32764927016758916
83624,0.6204136537430927
83643,0.36832735230976255
83690,0.3793044298181033
83705,0.3731841268764012
83815,0.5773061140191847
83817,0.6154500527262899
83839,0.3674557322877744
83843,0.8883340791056885
83887,0.652565191210901
83898,0.4235127373500148
83921,0.36892593963331943
83927,0.38871906732005046
83956,0.42942182613920765
83976,0.32774018893349205
84011,0.3387408902916052
84084,0.3257326667852875
84095,0.584405244744536
84133,0.4249482916386631
84212,0.4426420291040285
84254,0.45735602060407865
84272,0.33246555469010225
84290,0.4009993014605855
84326,0.5178771643660374
84331,0.5666435965239277
84349,0.5931100053043498
84441,0.4115049393852783
84472,0.4112014010542445
84609,0.616913918349063
84612,0.3418851218863738
84622,0.4154583295452611
84655,0.43645109129380166
84659,0.7263183920605455
84667,0.8169716354836957
84672,0.36379241795669537
84675,0.34993172834980135
84683,0.4436646992465499
84747,0.6793431821425971
84757,0.4107253856908168
84783,0.5264415850147908
84808,0.32616158280016244
84847,0.33057167599473
84877,0.40526750423088537
84909,0.743719234274207
84914,0.46369665357382545
84946,0.34580650626240084
84953,0.40512314683301354
84956,0.35467469961579523
84958,0.6436157905077463
84971,0.4792044176875879
84972,0.5973514117127002
84979,0.4634671749084213
84986,0.40476682046942963
84988,0.6045838025553533
85019,0.4596701013579811
85060,0.4073340475659512
85104,0.45950250464068715
85121,0.783238795029094
85164,0.8001252637151497
85186,0.6671188134669908
85288,0.35711120874641733
85295,0.3719509933400937
85301,0.6602554232500448
85324,0.3932045341934516
85340,0.4527666417691577
85362,0.38455216555592614
85377,0.3694166071809943
85398,0.5417833169102265
85458,0.5732749362695846
85461,0.41540471278396096
85499,0.9334146143198915
85536,0.3407113546808861
85545,0.3503747358216757
85553,0.38568632071349057
85604,0.40356308230587656
85615,0.45366053035459114
85628,0.5315530830735019
85649,0.35928923183376993
85660,0.3675025540906026
85662,0.6904688010464839
85757,0.39049957027038823
85794,0.6934771270719239
85819,0.6156644293274827
85822,0.3997063932484966
85841,0.4422579386765181
85962,0.645579332692279
85965,0.5593317138653142
86007,0.35038585215796203
86033,0.40780839913240613
86036,0.6866693675643138
86059,0.3773935533965389
86063,0.40187726609624125
86067,0.37628125832023457
86092,0.4087335357628279
86123,0.4718352061843951
86145,0.32834053126364643
86164,0.46309132155799787
86287,0.36987427483031365
86321,0.7258844860868567
86356,0.4977175425958135
86357,0.9243851132295706
86370,0.7809139785977257
86375,0.4302352291614294
86405,0.6763588801712116
86418,0.42880855889071773
86425,0.353001009911923
86447,0.38908422036656803
86507,0.3690391781511683
86513,0.3271299980685735
86522,0.49574981249986366
86535,0.33361678257220967
86541,0.5482323708231228
86601,0.3657605007739715
86643,0.389217953188827
86664,0.3932357967223734
86693,0.3514887022099281
86724,0.3793097053164137
86741,0.3521868061417295
86749,0.6157046921103013
86751,0.33989963882544283
86760,0.6870379247941097
86793,0.727414894587033
86878,0.37174374906756175
86885,0.406682116951394
86921,0.6220669403877043
87053,0.5573798078076247
87057,0.4140229699348856
87068,0.5909410198645251
87074,0.8353481027744919
87083,0.9553714139408996
87116,0.3279363699242233
87121,0.5565672405440795
87139,0.4791171239872111
87144,0.32541641804344895
87155,0.5719473812846316
87201,0.4139496215517367
87245,0.371891776255081
87260,0.3684436055413452
87282,0.3421672753692219
87283,0.9112034107902632
87285,0.5420757375845676
87294,0.9824663867255824
87351,0.3800947860275733
87381,0.813087557014554
87403,0.3591639513873543
87436,0.42259507432259424
87510,0.4156376208787489
87518,0.6715157932356417
87552,0.6223283118642076
87589,0.5465575579612628
87593,0.648491343991532
87627,0.3426126833233376
87676,0.34892494966374926
87711,0.6199007505368939
87750,0.7073315462595834
87767,0.3694042706379914
87779,0.4096921500733834
87784,0.7263080951044658
87808,0.33881005364102357
87848,0.36909716520877606
87855,0.3627317236221727
87859,0.4073851594948776
87864,0.3428685452429794
87878,0.3970044222679366
87899,0.5197455575877877
87944,0.348389558515427
87952,0.47548471392987257
87971,0.6158252118288123
87972,0.3367187896501144
87980,0.6239630339055321
88041,0.7708554171066611
88048,0.35531070367650375
88107,0.6223535850481726
88127,0.9578744346589886
88236,0.3981298342614292
88241,0.8664803098856751
88244,0.7379768688912625
88294,0.5252927241253198
88309,0.47847342589844266
88344,0.5272589227212519
88368,0.3276355717964566
88464,0.5940375768800504
88507,0.362761360742012
88522,0.46144269423979445
88533,0.3597634268087864
88680,0.46315538239062987
88713,0.7186616037361448
88734,0.42190242536905886
88737,0.8003980266705238
88766,0.7594267900144651
88784,0.37795032119478117
88809,0.3796255644619417
88814,0.5342093388595094
88819,0.5025314993912052
88862,0.4575775636911029
88866,0.6250533988400774
88903,0.34939525811928335
88912,0.5892635395159757
88915,0.4878651333584566
88916,0.3833768137038731
88936,0.3585361102519718
88943,0.33084184885299844
89019,0.3605399906264795
89020,0.3711608507386013
89022,0.8050948294627182
89035,0.4213051664446355
89086,0.3457815772557341
89122,0.3262656497675682
89130,0.9866183132250285
89133,0.6878293258578354
89185,0.9351392307889891
89196,0.38135532863412125
89208,0.9837376976316539
89235,0.9399166301493864
89255,0.5231708576663175
89264,0.3480715005566517
89289,0.4406982364791139
89304,0.32640634240630806
89374,0.6233674485815127
89480,0.4229909808678001
89621,0.594734762941627
89677,0.9996943502417633
89714,0.9515949781366085
89750,0.3447600689516172
89756,0.4147478022505549
89778,0.6890660387479014
89847,0.3414990260884857
89885,0.39372149314283156
89902,0.3631607987917853
89908,0.9997356810544432
89923,0.5765620023136971
89983,0.3645586974991664
90044,0.34260263080449627
90057,0.42715322508682635
90108,0.6429187129119743
90150,0.9154668082578311
90156,0.3680683276566873
90258,0.9268187195229836
90313,0.9284086081663019
90323,0.8263517913481387
90329,0.45239588602268516
90333,0.4672388494007815
90349,0.5448164598787733
90354,0.4921399702367952
90364,0.8693518821411084
90365,0.3488844317107644
90368,0.37790496214176106
90457,0.4569482181620515
90458,0.6002591250739753
90478,0.49996767938141556
90496,0.39004072045045723
90510,0.3944808255314152
90530,0.42400865004296
90535,0.37720646268357433
90580,0.36872239416464914
90581,0.3742693941295299
90583,0.5423659647009671
90618,0.32408595666308326
90624,0.32764140907866257
90643,0.6578406100409039
90718,0.40220656470979443
90727,0.6412358553499551
90740,0.8786195326184212
90742,0.6784893031927647
90757,0.39634050262730064
90775,0.6115218464015634
90794,0.45725037163845944
90818,0.38112027976421375
90829,0.8105998350915526
90899,0.6120390976267277
90915,0.6805249327173759
90918,0.38217362001796834
90972,0.5008628872038637
91001,0.5499353961360346
91042,0.9007529653253994
91059,0.7660468164635642
91083,0.37979457902354397
91111,0.4800164010887813
91114,0.4753394695690603
91154,0.49073212771115426
91170,0.7630735418282995
91189,0.6526481190545073
91202,0.3733590052285
91227,0.6179570947038214
91257,0.3924829976878385
91269,0.7165137671416731
91270,0.3966091571719838
91291,0.7540733657638349
91296,0.38545900182375287
91308,0.6369962915529576
91315,0.4440416299467422
91321,0.8932003808144319
91436,0.4241711585430107
91455,0.966785340792368
91458,0.5412269884017216
91498,0.520682172238691
91551,0.5725183182346616
91554,0.3308863731644504
91589,0.4538427894540471
91605,0.3455402561210705
91672,0.3783986349744448
91707,0.8307146309280901
91710,0.6510635008218106
91712,0.9655022252771265
91726,0.3292184056419565
91728,0.7039453314456217
91761,0.4531553866318423
91781,0.3582233339181237
91973,0.8183450800308277
91974,0.46185399544314076
92046,0.4718617009428511
92093,0.7532149988245088
92096,0.4525994472655365
92125,0.5012620632742041
92175,0.3268932814225179
92185,0.5145666959309786
92191,0.41056025370906085
92213,0.3660018427673803
92214,0.4920611934957258
92284,0.3930222197675801
92307,0.7655131284386385
92308,0.3771802006165738
92329,0.33235737181111524
92358,0.8212688439765267
92434,0.3311518350175071
92446,0.4114335551451156
92470,0.4134350739145251
92521,0.54567083500488
92547,0.7324862559829939
92549,0.4658759807369494
92570,0.4473135988987324
92574,0.5240293754795311
92575,0.34993404521937843
92584,0.3783346866760996
92659,0.525379947977916
92681,0.39019727539585736
92751,0.7881415268379656
92770,0.7765002937006609
92777,0.9997356810544432
92778,0.4041461802622952
92829,0.31516794374450197
92842,0.34315624780683873
92857,0.3699778283837194
92926,0.35164721835376705
92933,0.3723346203008224
92942,0.40900987784687287
92978,0.5017749061760265
92982,0.7941833441775056
92988,0.48182661072261956
92992,0.36636111337494454
93046,0.3277380434171592
93048,0.45067691305036106
93055,0.8953295471504038
93060,0.40014356862390665
93070,0.5147318544785022
93081,0.40059121224867555
93099,0.3777602813013522
93101,0.5519847683350788
93204,0.34988480097786745
93227,0.5585877734879346
93228,0.7444946713855407
93231,0.9446319119180921
93235,0.33863241465056515
93255,0.5674197735502334
93262,0.45800796438176256
93271,0.3257057767643731
93281,0.3426172695540422
93293,0.8579041131284324
93313,0.8629777260582053
93318,0.36056363133519526
93408,0.79539638436925
93412,0.8476755184453362
93475,0.37512529010137263
93486,0.346244724456605
93512,0.3987692929300664
93553,0.3668442715452428
93564,0.3879000437463502
93645,0.49874914605351894
93660,0.9997661825126954
93677,0.4424059448988481
93750,0.48404993943294056
93772,0.3860290453833307
93803,0.3688844549251926
93842,0.37463529954943076
93881,0.6114087916939573
93979,0.4436265596486236
93983,0.3370714552883277
94019,0.3603903728664289
94043,0.3842179538858484
94044,0.38089085870396777
94046,0.3267258078884529
94059,0.44698616306875966
94069,0.8939322227095386
94100,0.7940925025773405
94127,0.3733263025107746
94130,0.7184667656458675
94182,0.3519379197519488
94193,0.35189440673233263
94238,0.690020594595971
94325,0.42915957730912624
94331,0.35132555619783157
94372,0.3487499099700584
94385,0.6880412930663122
94455,0.4394900679085071
94495,0.7937061347441682
94535,0.847868704021807
94596,0.48875529521392447
94712,0.39709693905845395
94733,0.37311169712869713
94777,0.3231709336792663
94836,0.5537500625425245
94985,0.5336567140985657
95061,0.3808131986833864
95083,0.4656677887183741
95103,0.894481601972495
95117,0.32610686106770836
95130,0.3667356149240852
95144,0.9360497423142189
95166,0.42871637096182996
95173,0.5242293609254064
95220,0.4043629065389345
95241,0.524278589081237
95245,0.9764432636099789
95270,0.7160437379212821
95290,0.39116350216486107
95295,0.5417982443728564
95306,0.4829365320252993
95378,0.41735559961595253
95410,0.9268597388660079
95442,0.3670098803252002
95447,0.32737919106290436
95474,0.3426344677614437
95526,0.6206766335099633
95528,0.3285343369099551
95551,0.4633829095413979
95569,0.3942810571585641
95593,0.3799393921199754
95606,0.3855819897499876
95620,0.6524163581751716
95635,0.4110317759502782
95654,0.3471059263089544
95682,0.5329842230104548
95683,0.33598158345533335
95735,0.3584316970223724
95767,0.5117186925134178
95785,0.8218566051364925
95815,0.3883703238290447
95866,0.6808212784374305
95979,0.5227202169481102
96014,0.6870379247941097
96022,0.3903584886722447
96053,0.34208026062273245
96057,0.4648546335648682
96107,0.3405096040012025
96115,0.7353326903641441
96129,0.5059630986368951
96157,0.41278453555563005
96159,0.3726909006660281
96211,0.3281030561806918
96213,0.716663592324641
96214,0.4308497906582913
96370,0.5826008822441902
96407,0.8912270590535813
96473,0.3514790413883264
96497,0.35430239436141325
96516,0.8694304578642439
96567,0.7068656346831522
96588,0.3394979788428169
96596,0.848309580667829
96636,0.36269862852119744
96656,0.41801346568271297
96681,0.37099967656762245
96705,0.37255576702195764
96729,0.38045934558281247
96740,0.384863762828374
96770,0.713891368007587
96791,0.3892485893027163
96902,0.4564774516374128
96933,0.45312325205456927
96998,0.32324066820916036
96999,0.4184073164044939
97058,0.3544820643001202
97081,0.897241877951313
97124,0.43327235932518515
97160,0.8594067686975507
97171,0.36043366604294597
97205,0.4637352518579577
97273,0.43469275758478376
97278,0.9220789538023398
97301,0.5082690030356547
97329,0.7542108182927465
97330,0.4071132205497474
97376,0.6398846546966026
97395,0.36049196664095856
97406,0.554942334526939
97535,0.5521507690542429
97536,0.7006055714618222
97543,0.4696083216967345
97548,0.8171217609028155
97576,0.3309024623736665
97592,0.41787671585530495
97595,0.34569302592053575
97601,0.6900632550067025
97608,0.46037678710701857
97626,0.32108759176495977
97727,0.32323037246766695
97793,0.9244298445264733
97802,0.48799854391969066
97806,0.3695421370383531
97846,0.38204751119248614
97856,0.46578827235776304
97880,0.6705233340265675
97912,0.3855401964134873
97936,0.6612453787265266
97959,0.40515099655115216
97992,0.8141674559642216
98030,0.3856541692155521
98036,0.33218449961357893
98063,0.9200865926924867
98077,0.44193596689586934
98105,0.32765070715128725
98140,0.3897682201819536
98230,0.4919389393528757
98236,0.4149195201377059
98245,0.6895658754140609
98246,0.45713912971671694
98252,0.3758965613439808
98253,0.38224264405381597
98271,0.5546368702653082
98346,0.404964637729198
98363,0.43506911636954587
98372,0.3310411517940831
98377,0.44644797315186413
98446,0.4117553860548838
98514,0.6692259590238481
98549,0.5623189669255517
98559,0.3840636890932512
98569,0.5852685229383685
98602,0.37197191938733376
98656,0.3763293207964568
98798,0.3221375710211809
98799,0.48387974688880175
98828,0.36137938732149566
98846,0.3222668649919912
98848,0.7132571775557326
98855,0.6923054883097742
98856,0.452545086849109
98859,0.3400546925856037
98989,0.5628207095708638
98990,0.5957927700579378
99042,0.39195059875084337
99054,0.3377323846124727
99061,0.34528995705795223
99076,0.5343986206851996
99136,0.7922882678861012
99150,0.6690137794297771
99154,0.6870379247941097
99159,0.6216556945812572
99213,0.3710461903801267
