0.123962,-0.244934,0.388550,0.169861,0.458435,0.444336,-0.344788,0.508606,0.674194,0.349426
0.579041,0.161072,0.348206,0.497437,-0.242554,-0.115967,0.829590,-0.001587,0.392822,-0.315369
-0.058472,0.550903,0.072266,0.029358,-0.004822,0.016418,-0.020386,0.156860,0.386780,0.114563
1.223877,-0.514038,0.402405,0.235291,0.119568,0.244568,0.836426,0.479919,0.374451,0.682861
0.524841,-0.210327,0.131958,0.236206,0.650208,0.006470,0.340210,0.232422,0.195068,0.363831
-0.067566,0.747253,0.138489,0.154053,0.089722,0.072327,-0.119812,0.213928,0.536377,0.197693
-0.086609,-0.328918,0.125305,0.227356,0.758423,0.237122,0.145203,0.024902,0.600708,0.286316
-0.159485,-0.030640,-0.183289,0.307983,0.526550,0.328308,0.384521,0.309448,0.415955,0.516418
1.042542,0.278381,0.480225,-0.103271,0.372009,-0.061035,0.507019,0.263123,0.317627,0.194580
0.106384,-0.001221,0.334961,0.127930,0.589478,0.265503,-0.014282,0.592529,1.035217,0.444702
1.403137,-0.252075,0.588257,0.426392,0.052246,0.340637,0.262146,0.198303,0.258484,0.095093
0.558472,0.181519,0.546753,0.375793,0.213013,-0.178955,0.670593,0.207275,0.417297,0.357117
0.037170,-0.190369,0.022034,0.083618,0.931641,0.109436,0.221863,0.098999,0.576782,0.469788
1.028381,-0.327209,0.428894,0.166687,0.473938,0.198181,0.340576,0.058899,0.417603,0.349548
-0.097717,0.469666,0.078735,0.101379,-0.129028,0.021667,0.227600,0.101074,0.478699,0.118896
0.410339,-0.100098,-0.014343,0.321838,0.004456,0.138855,0.347717,0.274109,0.215088,0.067566
0.543030,-0.219971,0.082031,0.167542,0.762024,0.014160,0.377930,0.113403,0.286499,0.456787
0.448792,-0.312866,0.239563,0.392395,0.419739,0.399109,-0.070618,0.561768,0.495178,0.502808
0.213196,0.286865,0.071655,0.644653,0.036377,0.246155,0.641357,0.266541,0.278809,0.090210
0.066650,-0.085144,0.024292,0.393372,0.727356,0.177979,0.049194,-0.160156,0.273682,0.249207
0.006409,0.058899,0.188782,0.436462,0.396484,0.285706,-0.173279,0.414246,1.095276,0.383362
0.486816,-0.479431,0.081482,0.293640,0.241394,0.194641,0.926025,-0.067078,0.151245,0.246277
0.400330,0.144836,0.333069,0.044556,0.535034,-0.158447,0.591797,0.276978,0.267029,0.201782
0.276855,-0.095276,-0.130798,0.029114,0.171692,0.062012,0.427246,0.165649,0.223938,0.187683
0.181702,0.056152,-0.008301,0.171082,0.648926,0.020508,0.088257,0.179260,0.152771,0.381104
1.893433,-0.126099,0.933167,0.327698,0.391968,0.319580,0.552368,0.773560,0.740356,0.506775
0.337524,-0.068787,0.069214,0.249573,0.090576,0.111023,0.300903,0.372070,0.364441,0.544434
0.456909,-0.292175,0.020813,0.319702,0.830750,0.024353,0.475586,-0.013245,0.249390,0.474182
1.078674,-0.385864,0.366455,0.369568,0.088440,0.246460,0.517822,0.077515,0.424377,0.211731
-0.182861,0.158447,-0.053711,0.057800,0.085510,0.116394,0.311829,0.066772,0.250854,0.139221
0.232239,-0.117371,-0.306152,0.543213,0.154236,0.541748,0.348877,0.274719,0.576477,0.421631
-0.070496,0.284119,-0.241333,0.155945,0.086670,0.063354,0.357117,0.060303,0.171021,0.182617
0.225342,-0.255859,-0.055481,0.633118,0.620117,0.399536,0.527832,-0.189636,0.306885,0.070984
0.921326,0.060303,0.465149,0.019775,0.250793,-0.192444,0.522095,0.387939,0.164612,0.239929
-0.160156,-0.043762,0.546021,0.188110,0.617065,0.239563,-0.102112,0.473938,0.893494,0.248657
0.489197,-0.271240,1.041748,0.308960,-0.074280,0.337219,0.584534,0.272766,0.417786,0.037598
0.223816,-0.227722,0.291443,0.141235,0.471252,0.385376,0.224487,0.390564,0.268005,0.500366
-0.248657,0.332031,-0.075195,0.022705,0.121582,0.022339,0.301453,0.104675,0.280762,0.165405
0.467773,0.022888,0.236267,0.222412,-0.143066,-0.008911,0.570435,0.160034,0.118286,0.001892
-0.035522,0.540344,0.170898,0.137756,-0.073669,-0.030029,0.239441,0.035461,0.629761,0.068787
-0.071777,0.204956,0.078552,0.013062,-0.020813,0.011780,0.079346,0.019287,0.108093,0.103394
-0.044678,-0.146851,0.151489,0.063477,0.504150,0.205444,0.091614,0.468079,0.427185,0.516418
-0.209473,0.122742,0.202332,0.393616,1.048462,0.081177,-0.008423,-0.033875,0.553711,0.482117
0.265137,0.544006,0.392883,0.373169,-0.078430,-0.139221,0.166016,-0.216492,0.323059,0.142517
0.018250,0.081604,-0.070374,0.143555,0.154480,0.312622,0.340149,0.045898,0.340271,0.367371
0.424927,-0.258179,-0.137085,0.367737,-0.069458,0.206421,0.540649,-0.180725,0.332825,0.066895
0.016968,0.034729,-0.273071,0.224609,0.148499,0.269897,0.619568,0.139832,0.333862,0.313538
0.002014,0.212158,0.367126,0.182129,0.147705,0.015991,0.350159,0.024963,0.229980,0.061462
0.268311,-0.276306,0.074951,0.586609,1.098389,0.219604,0.490906,0.069824,0.647156,0.822876
0.441895,-0.164490,0.329102,0.583069,0.958496,0.086548,0.152344,-0.015015,0.267212,0.281616
0.470276,-0.127930,0.113464,0.237000,0.145569,-0.025085,0.737732,-0.103455,0.332092,-0.037842
0.490601,0.199463,0.252441,0.800964,0.244629,0.326355,0.495850,0.065125,0.213684,0.209656
0.643372,-0.162781,-0.110046,0.358337,0.422485,0.305725,0.351074,0.458191,0.420776,0.255859
0.251160,-0.134338,0.119385,0.324646,0.141785,0.035095,0.157410,0.025208,0.141968,0.052124
0.836426,0.482483,0.512146,0.489563,0.332703,-0.080383,0.601868,0.260620,0.439514,0.303284
0.636536,-0.514832,0.174438,0.190857,0.074890,0.047791,0.555298,0.017700,0.444580,0.089661
0.670044,-0.305786,0.118774,0.408386,1.132690,-0.045715,0.708740,0.304688,0.257629,0.415283
-0.018005,0.566895,0.066772,-0.007202,0.032410,0.013306,-0.058594,0.130310,0.400574,0.152588
0.550354,-0.224609,-0.005005,0.360718,0.718384,0.171875,0.366455,0.343872,0.503662,0.681030
0.136536,0.166931,0.044678,0.277283,0.121277,0.072449,0.062256,0.332031,0.454285,-0.001465
0.397949,-0.159546,0.076416,0.702087,0.175842,0.383850,0.607849,0.762390,0.175171,0.639526
0.237122,0.170105,0.756531,0.155090,0.058899,0.046936,0.627258,0.142822,0.998352,0.340942
0.069031,0.022949,-0.008545,-0.052063,0.515320,0.035095,0.294250,-0.029785,0.076904,0.290710
-0.151306,-0.116455,0.655518,0.364563,0.225281,0.139709,0.281067,-0.280151,0.486694,0.193237
-0.174500,-0.019165,0.462524,0.429932,0.797791,0.288086,0.051392,0.628052,0.600098,0.202698
-0.090149,0.075073,-0.104980,0.246216,0.304138,0.039551,0.198547,-0.177979,0.457886,0.144348
0.251526,0.151672,0.289124,0.276550,0.179443,0.050598,0.393494,0.310791,0.496399,0.514709
0.391113,0.203857,0.395020,0.494080,0.485352,-0.018677,0.116577,0.200256,0.746521,0.232483
0.325684,0.038391,0.057251,0.735901,0.432495,0.221558,0.524475,-0.086365,0.737427,0.334106
1.194092,-0.057861,0.457947,0.213440,0.012207,0.433411,0.450623,0.473999,0.157227,0.324097
0.508911,-0.108765,0.293823,0.303040,0.192383,0.328735,-0.021545,0.592651,0.501465,0.557007
1.790771,-0.134521,0.712646,0.508484,0.067444,0.404480,0.419861,0.286377,0.364380,0.227173
0.770325,-0.195007,0.753662,0.231506,-0.018738,0.472961,0.468872,0.066895,0.233398,-0.196655
-0.175293,0.152405,0.443970,0.334167,0.252014,0.151062,0.226868,0.223572,1.151001,0.274597
-0.206909,0.359985,0.075623,-0.001282,0.008118,0.044861,0.184143,0.104370,0.448364,0.183594
-0.119019,0.440491,0.274780,0.345093,0.517456,0.257812,-0.172119,0.476929,0.767822,0.666748
0.287720,-0.124695,-0.057068,0.587646,-0.036682,0.372375,0.315491,-0.052368,0.397644,-0.009216
-0.038757,-0.062195,0.363831,0.220093,0.191956,0.079102,0.283325,0.302979,0.330139,0.426147
-0.296082,0.229004,0.216125,0.237000,0.063416,0.123352,-0.007751,-0.023193,0.860229,0.285461
0.161011,-0.021423,0.466858,0.383362,0.580444,0.404785,-0.048279,1.255188,1.338623,0.671265
0.226685,-0.139587,-0.068726,0.215454,0.665588,0.227478,0.338135,0.407288,0.396179,0.496216
0.636292,-0.448975,0.313782,-0.057129,0.318726,0.206360,0.840942,0.209045,0.211670,0.163269
0.316345,-0.131775,1.419312,0.559570,0.253723,0.114624,0.589233,-0.178650,0.776367,0.317993
0.184143,-0.179138,0.024963,0.149536,0.534363,0.162415,0.177490,0.275940,0.382507,0.519653
0.139404,0.118835,0.365784,0.305176,0.737366,-0.101868,0.376709,-0.007874,0.501587,0.542603
0.302734,-0.199829,0.199158,0.926331,1.179932,0.128845,0.511230,-0.061340,0.607422,0.604370
-0.227112,0.090271,0.408875,0.167053,0.413086,0.308594,-0.253479,0.649841,1.056824,0.568420
0.516907,-0.209534,-0.173889,0.289368,0.407043,0.555969,0.688538,0.227112,0.097290,0.438721
0.582947,-0.313049,0.419189,0.043152,0.447021,0.111206,0.728516,0.373413,-0.100708,0.183289
-0.218384,0.776123,0.380981,0.233521,0.010620,-0.025513,0.073669,0.144287,0.696899,0.116272
0.484741,-0.282043,0.212097,0.864441,-0.119812,0.478149,0.294861,0.033875,0.509521,0.215759
0.366089,-0.123962,0.170471,0.057739,0.055481,-0.038513,1.006775,-0.032104,0.238220,0.275818
-0.266052,-0.008667,0.080444,0.139587,0.403381,-0.029236,0.279175,0.059204,0.507507,-0.005371
0.399170,-0.121582,-0.180603,0.548035,0.051941,0.589417,0.360474,0.420227,0.917236,0.538330
-0.182251,0.319214,-0.025635,0.065430,0.031433,0.102783,0.573792,0.073608,0.625183,0.129211
0.666626,0.444458,0.370850,0.468811,0.885681,0.045593,0.226868,0.259521,0.972046,0.727539
-0.040161,0.215515,-0.227173,0.156372,0.075989,0.128052,0.372742,0.084473,0.290466,0.244507
-0.078613,0.291443,0.245605,0.403076,0.440552,0.414978,-0.104126,0.223999,0.775024,0.493652
0.762268,-0.188232,0.513062,-0.102234,0.168152,-0.070129,0.851746,0.242065,0.176208,0.021240
0.380188,-0.082886,0.138794,0.415100,0.889099,0.111389,0.424316,0.005249,0.617310,0.815552
0.383789,0.027893,0.226868,0.073975,0.173096,-0.129272,0.520752,0.174011,0.009583,0.146240
1.094116,-0.063477,0.302307,0.115662,0.220093,0.260193,0.232727,0.108154,0.304749,0.098328
0.519531,-0.484070,-0.015442,0.401917,0.445740,0.605408,0.351318,0.490906,0.622864,0.518188
0.476929,-0.110840,0.333740,0.836609,0.828735,0.058716,-0.033020,0.054810,0.304199,0.424866
0.406616,-0.231445,0.272705,0.434937,0.727661,0.345825,0.303406,0.012268,0.208435,0.559753
0.319031,-0.069153,0.140198,0.192078,0.765808,0.031677,0.310913,0.082275,0.417542,0.526855
0.714111,-0.222656,0.715515,0.650879,0.310852,0.155212,0.504028,0.260681,0.229370,0.250427
0.038940,0.572083,0.263367,0.453125,-0.151550,-0.137024,0.123169,0.064453,0.557800,0.124084
0.209839,-0.170105,-0.248657,0.169800,0.498718,0.247070,0.492432,-0.117493,0.432373,0.570496
0.146118,-0.130371,0.284058,0.262146,0.801941,0.144104,0.053650,-0.032715,0.376648,0.329102
0.240967,0.286682,0.453369,0.756470,-0.066467,0.141296,0.271057,-0.276794,0.954224,0.230652
-0.136658,0.518127,0.220215,-0.011047,0.122131,0.122986,-0.068665,0.201416,0.735657,0.422485
0.288086,0.037048,-0.094238,0.312195,-0.036499,0.048218,0.369873,0.053711,0.391541,0.089050
0.036316,0.148315,0.060486,0.141052,0.760986,-0.032043,0.425903,0.052673,0.531250,0.658081
-0.099670,0.131287,0.175659,-0.140259,0.523010,0.103333,0.011719,0.241943,0.590027,0.570190
-0.134521,0.047241,0.145264,-0.096252,0.558472,-0.053162,0.245056,-0.025818,0.549500,0.241882
-0.402466,-0.060852,-0.078796,0.213562,0.460876,0.183411,0.235962,-0.078735,0.454895,0.418091
0.507385,-0.038879,0.408875,0.609375,0.872253,-0.021362,0.592834,0.126587,0.448669,0.363647
-0.022766,0.025269,0.116211,0.040405,0.662292,-0.031921,0.141663,0.008118,0.452637,0.261414
0.383362,-0.355774,0.487976,-0.200623,0.391052,0.227661,0.402588,0.247009,0.347412,0.510071
0.721069,-0.487732,0.118286,0.483948,0.691895,0.519165,0.430237,-0.225464,0.374878,0.411682
0.349548,0.091248,0.347473,0.034363,0.395813,-0.055786,0.255737,0.220764,0.517456,0.074707
-0.086853,0.006104,-0.077942,0.110413,0.514709,0.268555,0.040466,0.314392,0.407227,0.264893
0.331421,-0.200256,0.215515,0.311646,0.042480,-0.099487,0.931274,0.138428,0.384705,0.292114
0.054504,0.013794,0.217346,0.398865,0.600769,0.321533,0.009399,0.442200,0.743164,0.481384
0.267212,0.196167,0.105835,0.076782,0.524231,0.092285,0.194458,-0.065491,0.523010,0.420837
1.028564,-0.224365,0.641907,0.645752,-0.158936,0.085876,0.146545,0.209045,0.140625,0.228210
0.510742,-0.037659,-0.065918,-0.009094,0.296875,0.155640,0.309509,0.578918,0.410400,0.416138
0.079956,0.094055,0.358704,0.267212,0.541870,0.094910,0.393494,-0.084290,0.925354,0.681335
0.441040,-0.250183,-0.020691,0.074646,0.268250,0.188232,0.261047,0.173096,0.349487,0.379944
0.576233,-0.234253,0.357239,-0.119385,0.421021,0.033936,1.153625,0.255615,0.598206,0.375427
0.794373,-0.016968,0.537048,0.009583,0.297791,-0.063904,1.127747,0.120361,0.566162,0.383362
0.599731,-0.480408,0.339600,0.424805,0.231628,0.404602,0.731079,0.078918,0.405273,0.462891
0.034790,-0.188904,0.561707,0.210144,0.764343,0.171204,0.140076,0.321533,0.795471,0.536804
0.109436,0.063782,0.101868,0.257080,0.099731,0.078369,0.552734,0.012329,1.047363,0.386353
-0.078308,0.533569,0.168091,0.086182,-0.025452,-0.038208,0.226501,0.070618,0.526306,0.052917
0.825989,-0.529419,0.249023,0.180298,0.149780,0.182922,0.571838,0.022644,0.318604,0.089355
-0.101440,0.849976,0.344360,0.245361,-0.058044,-0.183838,0.289612,0.108215,0.835083,0.083313
0.524963,-0.369568,0.364136,0.176941,0.367737,-0.031616,0.972717,0.379944,0.249756,0.472473
0.192505,-0.075073,0.428101,-0.027710,0.677368,-0.062317,0.189941,0.449890,0.862183,0.253113
0.266541,-0.139893,0.228821,0.045715,0.048523,-0.084778,0.564575,-0.052551,0.210144,-0.074463
0.165527,-0.128235,0.250549,0.415405,0.213074,0.306335,0.127502,0.240967,0.399048,0.398071
-0.072327,0.029968,0.416992,0.514404,0.693237,0.292908,0.036621,0.109009,0.352661,0.254944
-0.033386,0.489014,0.213562,-0.014832,-0.089661,-0.059265,0.117859,0.148499,0.288818,0.126892
-0.038208,0.173767,0.301514,0.235107,0.662231,0.046326,0.168884,0.394958,0.754456,0.400452
-0.098572,0.125366,-0.108215,0.082153,0.014099,0.046326,0.284607,0.101440,0.241394,0.114685
0.156067,-0.084290,0.187927,-0.233582,0.574463,-0.060974,0.549255,0.092957,0.827942,0.256226
0.720215,-0.361084,1.381348,0.618835,0.263855,0.154419,0.574646,-0.300293,0.695618,0.418274
0.776306,-0.324890,0.319885,0.158997,0.095886,0.091675,0.479248,-0.072388,0.306091,0.022766
0.136536,0.264587,-0.033020,0.399780,0.271851,-0.007629,0.197205,0.009033,0.385132,0.545105
0.327209,-0.233643,-0.063232,0.262817,0.745728,0.110840,0.492188,-0.119263,0.297546,0.495483
0.237732,0.085876,0.411560,0.616760,0.768066,0.167053,0.161987,-0.046204,0.594360,0.230774
0.327637,-0.000610,0.140259,0.010132,0.467224,0.068176,0.197449,0.473938,0.410400,0.061768
0.315735,-0.255188,-0.018860,0.294006,0.124207,0.535645,0.313843,-0.076599,0.283386,0.336121
-0.147949,0.298340,-0.067688,0.107422,0.097961,0.044189,0.171814,0.172668,0.186462,0.137085
0.416626,-0.047913,0.130493,0.059753,0.458008,0.345886,0.303650,0.320862,0.526123,0.560303
0.561584,-0.215271,0.291626,0.004395,0.573425,0.036621,0.726440,0.466797,-0.252136,0.213623
0.842651,-0.611389,0.181885,0.043823,0.250854,0.049072,0.789001,0.091309,0.097473,0.176392
0.354187,0.016602,0.200195,0.440430,-0.059753,0.393066,0.545959,0.330139,0.037476,0.117737
0.021912,0.351562,-0.156311,0.206360,0.607971,-0.012024,0.286316,0.082031,0.344116,0.187378
-0.383423,-0.034973,0.051819,0.092468,0.980103,0.064880,0.443115,0.102600,0.668152,0.419067
0.656921,-0.020813,0.516357,0.302979,0.076477,-0.023132,0.892761,0.064758,0.274048,0.369751
0.854431,-0.532837,0.001099,0.217529,0.340820,0.559204,0.521545,0.231445,0.347473,0.546326
0.350098,-0.043701,0.430176,0.833923,1.019592,0.291199,0.250366,0.084717,0.523560,0.575500
0.085754,-0.205566,0.252197,0.057373,0.592834,-0.017151,0.715332,0.372375,0.116089,0.414856
0.442871,-0.290466,0.307129,0.439880,0.225159,0.205750,0.581177,0.090149,0.228333,0.232910
0.198975,-0.009827,0.166504,0.230347,0.522095,0.028809,0.271240,-0.097656,0.486450,0.305664
0.113831,0.124207,0.256653,0.604431,0.301697,0.221191,0.256042,0.155762,0.335938,-0.044067
-0.077087,0.274597,-0.064148,0.003662,-0.055664,-0.021423,0.289185,0.116882,0.222656,0.039368
0.029114,-0.047119,-0.085205,0.315857,0.794189,0.194519,0.256348,-0.014160,0.399109,0.329285
0.076782,-0.114563,0.009644,0.185974,0.672485,0.128784,0.290344,0.022461,0.348938,0.352051
-0.016602,-0.052124,0.807678,0.226807,0.503540,0.283203,0.148315,0.609802,1.074768,0.385864
0.767883,0.260193,0.683289,0.891113,-0.346008,0.270142,0.329895,-0.238953,0.622559,0.023499
0.395386,0.123535,0.169373,0.642456,-0.014954,0.171875,0.160400,0.090210,0.334595,-0.055725
0.106201,0.297241,0.556458,0.044434,0.304443,-0.037170,0.379395,0.085876,0.776123,0.191345
-0.074585,0.195435,0.008545,-0.009949,0.096252,0.151672,-0.126160,0.037292,0.309204,0.175415
-0.091980,0.279724,0.109680,0.051758,-0.054077,-0.016724,0.088318,0.039856,0.204346,0.108215
0.026001,-0.196289,0.283386,0.117737,0.328003,0.036255,0.415833,-0.112549,0.664185,0.332336
-0.081299,0.534302,0.097900,0.037659,0.076294,-0.006531,0.163757,0.132812,0.388672,0.072388
0.285645,0.304993,0.387268,0.263489,0.087097,0.102722,0.455322,-0.044861,0.946716,0.323792
-0.108154,0.335022,-0.020020,0.144226,0.126038,0.080933,0.100342,0.184692,0.254883,0.117126
0.276306,-0.107727,0.494995,0.438538,0.101074,0.162842,0.753052,-0.261780,0.812683,0.282837
0.279419,0.071716,-0.045776,0.040100,-0.020386,-0.020813,0.376526,0.190918,0.474182,0.317871
1.591919,-0.169006,0.727112,0.719299,-0.051331,0.451782,0.510803,0.540955,0.315674,0.371826
0.161682,0.170593,0.243225,0.648682,-0.120178,0.116638,0.353760,-0.151062,0.592773,0.256165
0.325195,-0.068665,0.114746,0.101501,0.649597,-0.036987,0.373779,0.024536,0.665588,0.532410
0.578735,0.397888,0.678528,0.411865,-0.112732,-0.001343,0.796570,0.086243,0.673462,0.292175
0.306885,-0.318054,0.206177,0.344971,0.431030,0.413269,0.311218,-0.217773,0.242065,0.248047
1.508179,-0.225220,0.401794,0.374573,0.268982,0.559875,0.370789,0.487488,0.449097,-0.050964
0.031982,0.130859,-0.158630,0.116516,-0.033386,0.015686,0.358521,0.031372,0.146423,0.133179
-0.283447,0.882446,0.472900,0.359375,0.096741,-0.034546,-0.088806,0.103455,0.960510,0.233459
-0.094788,0.095886,-0.220154,0.115295,0.034485,0.128296,0.497131,0.151794,0.336121,0.195618
0.879333,0.218140,0.416443,0.329163,0.132568,0.289185,0.377869,0.290344,0.325623,0.221313
0.019287,-0.116089,0.021118,0.339050,0.731445,0.259888,0.373474,-0.052979,0.232483,0.588318
1.159119,-0.757812,0.231323,0.255066,0.290466,0.336548,0.546936,0.155518,0.324097,0.312561
-0.164062,-0.110779,0.091980,0.272949,0.245300,-0.038025,0.238708,-0.046448,0.097168,0.191345
-0.169922,0.425842,0.152222,0.065796,-0.073547,-0.066528,0.369263,0.032532,0.566528,0.094727
0.237671,0.305664,0.341980,-0.037170,0.426147,-0.179443,0.746155,-0.147705,0.921997,0.222900
-0.132874,-0.199768,-0.081238,0.283325,0.640808,0.101624,0.312500,-0.022888,0.373291,0.448059
0.299133,-0.184814,1.012329,0.258850,0.082275,0.328918,0.549072,0.018005,0.812866,0.409973
0.797852,-0.257874,0.752930,0.983887,0.111633,0.572144,0.930481,-0.122681,0.926819,0.740295
0.726501,-0.080383,0.666382,0.366272,0.056824,0.132568,0.641602,0.266052,0.412964,0.388489
-0.144287,0.634216,0.246826,0.203491,-0.030884,-0.015503,-0.078308,0.120056,0.565125,0.229492
-0.054504,0.199341,-0.042297,0.111450,0.023438,-0.035339,0.242432,0.066101,0.102600,0.034912
-0.032166,0.540344,0.145447,0.085999,0.040039,0.061707,-0.046387,0.155762,0.385742,0.149658
0.178223,-0.075439,-0.036987,0.499573,0.093262,0.180603,0.509705,-0.064575,0.263489,0.104492
-0.095886,-0.192139,-0.083069,0.001831,0.844727,0.337402,0.287231,-0.132446,0.569885,0.595947
0.218994,-0.298523,-0.010986,0.351074,0.491577,0.058838,0.637878,0.298279,0.130859,0.460083
0.200989,0.006836,0.938843,0.254639,0.311462,-0.066589,0.365295,-0.159912,0.581787,0.176392
0.033508,-0.234070,-0.136108,0.806396,0.704895,0.379761,0.487244,0.220703,0.691101,0.633423
0.475220,-0.178650,0.063599,0.404602,0.641785,0.150513,0.355408,0.229919,0.241882,0.325806
0.320251,0.133423,0.146301,0.235535,0.463562,0.069763,0.081055,0.403564,0.595337,0.178894
0.026672,-0.275269,0.149780,0.886902,0.606628,0.304138,0.404968,0.271362,0.523254,0.659485
-0.038452,0.333130,0.085510,0.184631,0.194214,0.137207,0.007324,0.017761,0.451904,0.380188
0.054260,-0.098328,-0.182678,0.046631,0.912598,0.196228,0.629456,0.054382,0.513306,0.758484
0.830627,-0.392334,0.360291,0.311035,0.369934,0.462097,0.224976,0.144287,0.725708,0.454224
0.081970,-0.079346,0.201477,0.427979,0.215820,0.367371,0.163391,-0.020996,0.574829,0.261047
0.232849,0.403015,0.202393,0.382751,0.092468,-0.101074,0.332764,0.271240,0.590210,0.035706
0.012634,0.076294,0.047241,0.156982,0.332642,0.363586,-0.139587,0.741272,0.693604,0.308350
0.418884,-0.287170,0.101746,0.700317,-0.316711,0.285522,0.633850,0.346924,0.273865,0.325928
0.517944,-0.301636,-0.177063,0.089355,0.571594,0.417908,0.268677,0.526794,0.422180,0.778748
0.545654,-0.014771,0.459167,0.410706,0.361084,-0.043457,0.774231,0.158813,0.257019,0.171448
0.762573,-0.132568,0.501465,0.443848,0.584900,0.122437,0.862305,0.494995,0.643555,0.617615
-0.022400,-0.088806,0.240845,0.184875,0.351807,0.341003,-0.089722,0.677795,0.772522,0.445435
-0.038147,0.396606,0.066895,0.051758,-0.015198,-0.005615,-0.014709,0.113586,0.313843,0.089539
0.275330,0.017639,0.877258,0.286255,0.467590,0.257751,0.182007,0.272339,0.654663,-0.329468
-0.023926,0.045593,0.247803,0.370178,0.455444,0.120728,0.491516,0.282593,0.835083,0.507751
-0.143860,0.067505,0.005432,0.126770,0.449280,-0.002319,0.225525,-0.086487,0.303772,0.113342
-0.000122,0.622253,0.117920,0.093323,-0.053040,-0.130676,0.175598,0.138306,0.472412,0.043457
-0.140503,0.095093,0.131836,0.019653,0.376099,0.257812,-0.164673,0.229736,0.485901,0.388306
0.343140,-0.007141,0.122986,0.283508,-0.149780,0.278015,0.480713,0.366394,0.451233,0.231873
0.200623,0.204468,0.100159,0.526855,-0.016052,0.352478,0.003174,-0.062683,0.421570,0.096069
0.326599,-0.150269,0.468506,0.184937,0.298462,-0.001282,0.781616,-0.237915,0.420593,0.235779
0.180237,-0.308594,0.411316,0.042603,0.589966,0.393433,0.103333,0.486755,0.924805,0.552063
-0.086487,-0.048340,0.078796,-0.015930,0.453735,0.282654,-0.155457,0.104736,0.463257,0.325623
0.315491,0.010193,0.165283,0.086182,0.491028,0.049866,0.332703,0.105042,0.165344,0.492676
0.195496,0.231812,0.545166,0.040466,0.278259,0.273376,0.462585,0.171204,0.184937,0.071472
0.069641,0.486267,0.674377,0.168640,0.074280,0.009155,0.410217,0.034424,0.665405,0.153992
0.175598,0.118713,0.178345,0.502747,0.947021,0.147278,0.098755,-0.040894,0.547424,0.569763
-0.154907,0.411804,-0.091370,0.186218,0.032776,0.038879,0.288696,0.197937,0.271362,0.114197
0.340881,-0.237305,0.116089,0.360779,0.099915,0.478821,0.374695,-0.340576,0.551392,0.141418
0.304993,-0.371948,0.200500,0.463135,0.860962,0.238159,0.454712,-0.053711,0.315857,0.408142
0.466553,0.023438,0.517578,0.174561,0.557434,0.038269,0.342834,0.249817,1.312805,0.040955
-0.103027,0.077820,0.031738,0.415466,0.514954,0.273560,0.115906,0.073242,0.247925,0.323059
-0.085693,0.309204,0.112976,-0.013428,0.275146,0.128052,0.178040,0.187988,0.320129,0.214233
0.227112,-0.095093,0.097046,0.434326,-0.090576,0.030945,0.612671,0.031921,0.074158,0.163208
1.310425,0.116028,0.832581,0.399719,0.047668,0.240723,0.266663,-0.124390,0.534546,-0.019714
-0.034668,0.182129,0.508423,0.656860,0.260742,-0.041809,0.431274,-0.245483,0.671326,0.127441
0.594055,-0.056213,0.417969,0.525635,1.098328,-0.039673,0.308594,0.152771,0.713745,0.670471
0.178406,0.360474,0.588501,0.117554,-0.238098,-0.015381,0.408264,-0.081970,0.567017,0.117798
0.146973,0.081116,-0.159241,0.399719,0.979858,0.240723,0.607971,0.100098,0.769714,0.692932
-0.027100,0.042786,-0.113220,-0.080750,-0.025818,0.001648,0.309570,-0.041565,0.181824,0.124146
0.199768,0.196838,-0.195618,0.330994,0.843018,0.126831,0.516907,0.133057,0.584229,0.795166
0.446228,-0.228333,-0.141846,0.201782,-0.063599,0.315247,0.328064,-0.035706,0.371521,0.226685
0.208069,-0.138428,0.149292,0.140381,0.403137,0.262512,-0.006775,0.223389,0.287964,0.412720
-0.057190,0.010742,-0.065247,0.043579,0.510193,0.289001,0.121460,0.147766,0.346741,0.365723
0.292969,0.340027,0.588501,0.303345,-0.165588,0.115723,0.484009,0.008057,0.611694,0.311523
0.268921,0.363098,0.264771,0.278687,-0.087646,-0.056213,0.530090,0.053589,0.734802,0.156677
0.827820,-0.131409,1.014099,0.237732,0.150269,-0.002441,0.865051,-0.064880,0.450928,0.096069
1.071716,-0.002502,0.286926,0.284180,0.458679,-0.020264,0.514832,0.249084,0.289124,-0.006531
0.264771,0.152527,0.145752,0.098877,0.352539,0.068298,0.458313,0.340027,0.719177,0.206238
0.092590,0.186951,0.206543,0.067139,0.065552,0.053711,0.163330,0.583435,0.428223,0.005066
0.248108,0.090088,0.151855,0.280579,0.297058,0.341919,0.150940,0.397095,0.488831,0.442810
-0.150696,0.174255,0.082336,0.081360,0.452942,0.399109,-0.202148,0.437561,0.726196,0.531982
-0.049622,-0.002930,-0.170227,0.291138,0.278198,0.250427,0.382202,0.097046,0.321594,0.388062
-0.039978,0.404114,0.068115,0.080872,-0.062988,-0.014099,0.369324,0.013611,0.409302,-0.037964
0.457275,-0.158081,0.203186,0.626099,-0.140625,0.090759,0.812134,0.059937,0.836914,0.385559
-0.214417,0.533630,0.003113,0.115173,0.021118,0.032654,0.242798,0.142273,0.495422,0.088501
0.360901,-0.213806,0.328796,0.530334,0.638062,0.467957,0.290527,-0.232239,0.453186,0.191040
0.900085,-0.169861,0.327026,0.295959,0.050171,0.239746,0.399048,0.368958,0.007507,0.453125
0.011597,-0.200562,0.084778,0.665894,0.466492,0.500671,0.279846,-0.061768,0.542969,0.139709
1.139282,-0.618103,0.238525,0.397766,-0.016602,0.273926,0.698669,0.382324,0.316711,0.614136
-0.151794,0.402039,-0.129272,0.157104,0.091797,0.022766,0.294678,0.178955,0.237732,0.099243
0.128784,0.033447,0.218079,0.098511,1.012024,0.128967,0.208252,-0.046997,0.686035,0.459534
0.274475,0.018127,0.459656,0.667480,0.859192,0.128723,0.542603,0.034180,0.573059,0.866150
0.297241,-0.338745,-0.002686,0.292419,1.049011,0.014343,0.562256,0.204224,0.354736,0.614990
-0.021118,0.639282,0.261108,0.137512,-0.129272,0.001343,0.100830,0.104919,0.575134,0.077515
0.244324,-0.025696,0.275696,0.163452,0.261536,0.195496,0.434998,0.208557,0.946777,0.556824
0.239258,-0.216492,0.883972,0.257751,0.308838,0.052795,0.463867,0.126099,0.669739,0.366882
-0.110474,0.382629,-0.086487,0.134766,0.030334,0.043945,0.213501,0.152832,0.212891,0.112122
0.385803,0.571045,0.892883,0.643066,-0.306091,-0.083862,0.260010,-0.330322,0.729248,0.166626
0.115540,-0.066040,0.206604,0.058716,0.847107,0.111938,0.218933,0.056702,0.830933,0.528809
0.013672,0.276184,0.133972,-0.150879,0.361572,0.252136,0.045105,0.210022,0.524780,0.276917
0.055237,-0.001465,0.016663,0.281067,0.206177,0.207581,-0.021484,0.532349,0.432678,0.148376
0.454834,-0.359436,0.171326,0.276001,0.696106,0.080750,0.355774,0.111145,0.084534,0.403748
0.215149,0.236572,0.648132,0.214600,0.122314,0.066528,0.531616,0.173706,0.003784,0.130371
0.379150,-0.090698,0.318970,-0.185303,-0.039551,-0.275208,0.906738,-0.223694,0.290955,0.046692
0.251770,-0.011536,0.455688,0.967590,0.327698,0.079956,-0.041077,0.293030,0.495605,0.211426
-0.039551,0.624084,0.173279,0.124451,-0.098206,-0.082581,0.099915,0.100525,0.631836,0.100891
0.124817,-0.448792,0.092529,0.294250,0.550110,0.204224,0.533386,0.031555,0.102417,0.235291
0.255737,-0.055969,0.067444,0.598145,0.945984,0.298767,0.404297,-0.071655,0.412292,0.430664
0.653503,0.256165,0.900574,0.994812,-0.348816,0.295837,0.399963,-0.346130,0.597961,0.211182
0.406738,-0.057434,0.086975,-0.016418,0.744080,0.206177,0.434021,0.244568,0.486023,0.497192
0.025513,0.418091,0.497437,0.044128,0.379028,-0.091553,0.726318,-0.209473,0.606079,0.250854
0.879395,-0.453735,0.243347,0.076172,0.178406,0.264343,0.377197,0.110962,0.391418,0.138855
0.247375,-0.122620,0.086731,0.496216,0.701904,0.248535,0.204407,-0.217468,0.407166,0.329834
1.874023,-0.272034,0.598877,0.347595,0.011597,0.415955,0.371277,0.458252,0.194885,0.383118
1.114685,-0.072571,0.645935,0.465820,0.137329,0.373108,0.359802,0.477173,0.264648,0.348633
0.445496,-0.022095,0.671631,0.637878,-0.241577,0.091370,0.739258,-0.414978,0.512695,0.197144
0.394897,0.192444,0.208801,0.597595,-0.015076,0.344727,0.066406,-0.162781,0.845337,0.262451
0.076355,0.524109,0.067139,0.310913,0.248352,-0.277588,0.424805,0.099670,0.359619,0.087402
0.063477,0.139038,0.178345,0.167542,0.953308,0.226440,0.314636,0.487915,0.675476,0.475159
-0.184875,0.365723,-0.030884,0.043396,-0.019592,-0.051819,0.359924,0.062317,0.247925,0.111633
0.049622,0.065613,0.452515,0.235229,0.467285,-0.010864,0.213867,0.171509,0.220825,0.393127
-0.170044,0.174011,0.159424,0.096008,0.651062,0.198914,-0.002441,0.323730,0.742859,0.453125
1.062134,0.252686,0.351196,0.267822,0.187134,0.382080,0.074951,0.051819,0.426270,-0.049744
0.350952,0.400208,0.493408,0.285950,-0.250061,0.034546,0.456726,-0.004822,0.447571,0.268005
-0.280273,0.304810,0.252319,-0.054688,0.669373,0.107727,-0.019104,0.067627,0.753052,0.475281
-0.274231,0.005798,0.398438,0.162659,1.080444,-0.013367,-0.026367,0.099243,0.725830,0.379211
0.291626,0.000366,0.057556,0.338867,0.126526,0.325562,0.272095,0.077637,0.138428,-0.063965
0.227722,-0.106079,0.110474,0.488464,-0.072632,0.246338,0.341858,0.037537,0.372681,0.141602
2.043335,-0.367859,0.990662,0.487732,0.427673,0.204956,0.963074,0.352844,0.411682,0.398499
1.202881,-0.484863,0.419739,0.121521,0.301514,0.163452,0.674805,0.107666,0.465881,0.297302
0.332214,-0.070312,0.082703,0.291809,0.298767,0.414062,0.337708,0.194031,0.150024,0.174194
-0.060791,0.364014,-0.003418,0.111084,-0.036987,0.012085,0.344238,0.095825,0.360840,0.009583
0.523499,-0.046753,0.414734,0.102234,0.916016,0.068848,0.230957,0.193176,0.742065,0.646667
0.108398,0.380127,0.229248,0.304382,0.060364,-0.068726,0.406616,-0.047852,0.460693,0.039612
-0.094971,0.344421,0.278137,0.340454,0.285706,-0.210571,0.361633,0.341187,0.659729,0.018250
0.681396,-0.164368,0.602844,0.700989,0.088745,0.493652,0.484497,-0.174194,0.394653,-0.008118
0.484985,-0.046448,0.323181,0.461731,0.214172,0.190308,0.371399,-0.183289,0.404358,0.054810
-0.067017,0.354309,-0.027527,0.135071,0.152649,0.252686,-0.001953,0.163025,0.520142,0.333435
-0.052246,0.209351,0.298157,-0.024658,0.213745,0.233215,-0.111328,0.041992,0.697144,0.304504
0.135620,-0.148682,0.008057,0.458618,0.495605,0.284912,0.307251,-0.030579,0.505798,0.625488
0.116821,0.260986,0.127869,0.494690,-0.002075,0.075806,0.246826,0.071655,0.478210,-0.032898
0.395630,-0.206909,0.086426,0.371399,0.215210,0.159546,0.418091,0.265259,0.277649,0.174561
-0.060547,0.142639,0.326965,-0.053162,0.249146,-0.050598,0.186279,0.158203,0.661865,0.226990
0.468750,-0.014160,0.647339,0.309875,-0.413452,-0.107605,0.755981,-0.041321,0.287659,0.057312
1.558411,-0.395386,0.254211,0.258972,0.136963,0.326843,0.707031,0.543823,0.619690,0.427673
-0.053406,0.371216,0.280823,0.031189,0.428528,0.264282,-0.093872,0.487000,0.747375,0.508301
-0.112244,0.579956,0.065308,0.119629,0.058777,-0.017700,0.207153,0.144226,0.448547,0.072571
-0.091553,0.403992,-0.016235,0.170227,0.026062,0.036865,0.212646,0.123352,0.281189,0.002502
0.059692,0.461731,0.560486,0.143799,0.028625,0.126587,0.088013,-0.065979,0.433655,-0.000549
-0.142700,0.587524,0.098694,0.091003,0.085815,0.005066,0.127930,0.168945,0.426514,0.113831
0.375854,-0.238647,0.169495,0.173279,0.302368,0.083496,0.324280,0.350952,0.426025,0.063477
0.269348,-0.063110,0.292908,0.686584,0.083740,0.415466,0.282532,0.090515,0.369812,0.057617
0.186829,0.076660,0.279297,0.303833,0.106384,0.289856,0.124146,-0.114868,0.469299,0.193665
0.320740,-0.034058,0.193298,0.254211,0.922974,0.107849,0.342651,0.006042,0.454590,0.523376
0.312744,-0.072327,0.092468,0.333679,0.274597,0.290649,-0.062195,0.402954,0.494751,0.533936
0.319275,-0.277893,0.215576,0.726685,0.210876,0.379333,0.274231,-0.163818,0.528259,0.047546
0.572144,-0.056580,0.391968,0.147766,0.436523,-0.059204,0.664368,-0.090942,0.285217,0.095947
0.290649,0.072998,0.053589,0.296082,-0.153015,0.336609,0.631287,0.274231,0.524597,0.259766
0.098633,0.043396,0.086304,0.227905,0.388611,0.130310,0.301453,0.124512,0.078003,0.188477
-0.175415,0.444336,0.062805,0.037842,0.018127,0.013855,0.133545,0.060303,0.391602,0.122375
0.835083,0.043091,0.228577,0.950500,-0.162109,0.457520,0.289856,0.287048,0.245789,0.035950
0.261108,0.074402,0.138000,0.340027,0.363647,0.072266,0.372437,0.106445,0.325745,0.312927
-0.192627,0.524963,-0.029663,0.134766,0.100586,0.039185,0.231445,0.083923,0.530823,0.109497
0.598389,-0.280640,0.166260,0.329407,-0.026611,0.017029,0.407959,0.033447,0.669373,0.120483
0.808105,0.315674,-0.143799,0.287964,0.397278,0.127991,0.510742,0.606995,0.716919,0.433777
0.044556,0.638916,0.237915,0.026062,-0.123962,-0.136414,0.210327,0.134277,0.519409,0.019165
0.067566,-0.015930,0.128845,0.324890,0.449341,0.200256,0.236572,0.014404,0.451660,0.475098
-0.045715,0.242493,-0.304321,0.177490,0.061584,0.182129,0.522644,0.077820,0.329163,0.249207
0.395569,-0.400269,0.202576,0.162109,0.739563,0.255005,0.544556,-0.356140,0.339661,0.321655
0.971375,-0.040405,0.517395,0.684082,0.333801,0.413025,0.399170,0.274597,0.326599,0.094543
0.724060,-0.140259,0.690186,0.397705,0.302795,-0.110413,1.099365,0.102905,0.905457,0.836792
-0.225708,0.390442,0.431702,0.197021,0.065979,-0.011292,-0.014404,-0.132141,0.425781,0.258667
0.026245,0.318848,0.364990,0.067993,-0.104614,-0.297241,0.479675,-0.041931,0.957153,-0.032654
0.771118,-0.501587,-0.202515,0.472839,0.101501,0.552551,0.637634,0.241699,0.418701,0.427673
-0.012451,0.275757,-0.045044,0.076965,0.088501,0.078308,0.091248,0.156433,0.193726,0.077576
0.156311,0.226807,-0.020081,0.333130,0.193726,0.230835,0.038696,0.370483,0.397705,0.410767
0.170044,0.094299,0.000488,0.229065,0.959839,0.195129,0.223877,-0.056824,0.588928,0.543396
0.302673,0.085144,0.718140,0.674744,0.596863,0.186035,0.292725,0.252075,0.073242,0.465454
0.347656,-0.377869,0.254272,0.217712,0.413940,-0.149536,1.075073,0.319153,0.050537,0.608704
0.127197,-0.087524,0.557068,0.360657,0.592590,0.422974,-0.106506,0.029968,0.456604,0.231873
0.294250,0.441833,0.270508,0.148743,-0.276855,-0.173645,0.724182,0.385132,0.054504,0.030823
0.598083,-0.127502,0.104614,0.294495,0.859497,0.147156,0.207947,0.082642,0.213379,0.172241
0.678162,-0.334656,0.138733,0.081238,0.040710,0.068542,0.451538,-0.028564,0.454285,0.034668
0.278076,0.129639,0.232178,0.168579,0.264221,-0.003967,0.548157,0.335815,0.238342,0.362671
-0.027649,-0.209656,0.065430,0.388550,0.650635,0.392700,0.123047,0.031921,0.273071,0.150391
0.406982,-0.327942,0.228088,0.130371,0.131409,0.162964,0.691589,-0.184509,0.253906,0.006348
0.209351,-0.265320,0.170776,0.643433,0.050415,0.275818,0.225952,0.006775,0.322937,0.208740
-0.061340,0.091736,0.009338,0.203796,0.541260,0.377991,0.100220,0.135620,0.343567,0.500244
0.353943,0.404480,0.308655,0.333740,-0.134460,-0.146362,1.010498,0.175293,0.122437,0.136719
0.691284,0.163269,0.580750,0.377014,0.345886,0.292053,0.214172,-0.064148,0.102234,-0.064087
0.363708,0.411194,0.360413,0.084717,0.444397,0.018311,0.366272,-0.031982,0.718628,0.476562
-0.098511,0.015320,0.397278,0.192261,0.397217,-0.106873,0.372803,-0.018982,0.574768,0.497253
0.666138,-0.206116,-0.083557,-0.068359,0.378235,0.116272,0.561340,0.248413,0.220337,0.301270
-0.115234,0.186523,-0.228638,0.291687,0.588989,0.175720,0.165283,0.000488,0.627869,0.311096
-0.085205,0.424194,0.078796,0.046936,-0.061890,0.029480,0.026367,0.140442,0.315186,0.150391
-0.142517,0.431335,0.106750,0.068970,-0.041016,-0.049500,0.130371,0.050232,0.303650,0.117310
0.366272,-0.364685,0.071411,0.404602,0.658630,0.131775,0.395630,-0.038208,0.377625,0.405212
1.005493,0.128418,0.404053,0.370483,-0.137451,0.195190,0.255737,0.278748,0.321533,-0.139709
0.235901,-0.080017,0.198181,0.391724,0.107300,0.349487,0.337891,0.423706,0.195801,0.495361
0.510498,-0.255249,-0.127930,0.686890,0.445068,0.359314,0.694031,0.065979,0.425049,0.207520
-0.139099,-0.164307,0.226562,0.010559,0.457581,0.325684,-0.193542,0.041931,0.363403,0.353821
0.842285,-0.207703,0.603821,0.242493,-0.028687,-0.002441,0.855530,0.108582,0.399536,0.396057
-0.023987,0.346802,0.100342,0.082886,-0.020508,-0.010986,0.085815,0.079163,0.233337,0.067566
0.368469,-0.128845,0.029785,0.381226,-0.206482,-0.044983,0.739014,0.203918,0.431335,0.070862
0.078735,0.014526,0.436768,-0.083679,0.150208,0.067566,0.375610,0.120117,0.106384,0.231873
-0.080017,0.530762,0.302979,0.322144,0.046875,0.006897,0.010193,0.024292,0.529175,0.189148
-0.286560,-0.055298,-0.119690,0.193420,0.689087,0.278625,0.150574,0.350586,0.711670,0.480469
0.850220,-0.244385,0.734131,0.347595,0.467773,-0.110718,0.914612,0.222656,0.264282,0.603577
0.294617,-0.202148,0.451050,-0.099548,0.251160,-0.020996,0.394653,0.260681,0.728516,0.271790
0.346985,-0.154846,0.158569,0.122437,0.212769,0.010498,0.793213,0.049011,0.251709,0.343506
-0.070801,0.433350,0.090088,0.066772,-0.057983,0.041809,0.036621,0.178223,0.353516,0.124878
0.214294,-0.062927,0.117615,0.010315,0.539185,0.227173,-0.099792,0.110657,0.520813,0.286194
0.607239,-0.237793,-0.032959,0.339905,0.123108,0.421082,0.585571,-0.150635,0.344727,0.431702
0.189575,0.576538,0.889954,0.453125,0.235107,0.105286,0.256531,-0.169556,0.904785,0.134521
0.324646,-0.356201,0.058777,0.328308,0.153931,0.395752,0.347412,0.003418,0.319031,0.188049
0.329041,-0.397644,0.191223,0.387451,0.923523,0.049622,0.322937,-0.038574,0.123047,0.275818
0.508850,0.399780,0.625488,0.715088,0.459656,0.017273,0.053162,-0.176758,0.909363,0.586365
0.841003,-0.197205,0.998962,0.215759,-0.060608,0.306396,0.569397,0.192078,0.782471,0.192810
0.205200,0.263489,0.200012,0.234253,0.132690,0.104370,0.278442,-0.150879,0.777100,0.430481
0.189941,0.060608,0.455200,0.803894,0.049011,0.358337,0.515015,-0.054382,0.311340,0.198914
0.317810,0.170837,0.331116,-0.038574,0.546692,0.075439,0.230713,0.216736,0.516663,0.469788
0.063416,-0.050171,0.496643,0.102234,0.126404,0.070618,0.349121,0.113586,0.532227,0.276001
0.111389,0.058167,0.583679,1.092896,0.929199,0.349182,-0.029907,0.188477,0.683228,0.464783
0.953857,-0.525269,0.203369,0.608276,0.251709,-0.022644,1.178162,-0.016724,0.428101,0.490295
1.462158,-0.390625,0.591064,0.615356,0.315063,0.507874,0.173157,0.154968,0.484741,0.781006
0.474670,0.132385,0.302795,0.662964,-0.427063,0.165222,0.525879,0.274597,0.515625,0.122437
-0.211670,0.392578,-0.054321,-0.060547,0.148010,-0.116089,0.435059,0.035278,0.270325,0.135132
0.381165,0.031494,0.119446,0.301025,0.368347,0.341187,0.222717,0.558044,0.480042,0.718689
-0.054199,0.314819,0.151611,-0.114014,0.204895,0.209656,-0.149353,0.180542,0.647949,0.469910
0.545105,-0.478271,-0.109131,0.842773,0.470520,0.625122,0.436768,0.769714,0.899597,0.560974
0.664551,-0.403687,0.080811,0.400146,0.368896,0.579834,0.139526,0.877563,0.645874,0.906128
0.223022,0.376099,-0.120605,0.162476,0.520264,0.022705,0.373840,0.065674,0.409180,0.462769
0.202820,-0.297852,-0.151428,0.147888,0.407898,0.300781,0.207825,0.580322,0.406555,0.567505
-0.033447,0.539368,0.245239,0.023193,0.024475,-0.113586,0.230896,0.057556,0.425171,0.028931
-0.266541,0.121033,-0.021118,0.023987,0.771362,0.226562,0.169800,0.402222,0.644592,0.578369
0.220215,0.098816,0.651978,0.400818,0.383850,0.118713,0.164307,0.032104,0.524414,0.174133
-0.019958,0.294556,-0.004272,0.118103,-0.006958,0.036072,0.230591,0.101257,0.198547,0.068481
0.140137,0.166138,0.200012,0.067261,0.327698,0.059631,0.051025,0.496033,0.514404,0.237061
0.428040,-0.111511,0.600830,0.314880,-0.025879,0.346985,0.390442,0.358521,0.250000,-0.040649
0.034058,-0.166565,-0.069275,0.227783,0.656128,0.325989,0.277161,-0.051025,0.470459,0.575012
0.228271,0.117981,0.749268,0.081238,0.083496,0.227844,0.591064,0.070923,0.204468,0.094177
1.190979,-0.260986,0.532654,0.377808,0.197693,0.319275,0.315430,0.133057,0.083130,0.149475
0.369507,0.291138,0.257751,0.239136,0.892578,-0.071411,0.256836,0.018005,0.549561,0.416626
-0.159912,0.055542,0.050903,0.204224,0.306396,0.279114,-0.035034,0.021912,0.668274,0.334595
-0.093262,0.289124,-0.121155,0.055420,0.015869,0.008057,0.308105,0.084534,0.246948,0.102234
0.100220,0.195312,0.392273,0.029419,0.654236,0.109924,0.226990,0.095093,0.453674,0.546204
0.036560,0.081116,0.402588,-0.024414,0.591431,0.064880,0.447571,-0.080994,0.407166,0.399109
-0.011475,0.542664,0.202576,0.127258,0.004944,-0.102722,0.133667,0.092468,0.423279,0.040710
-0.092773,-0.135071,0.475403,0.181702,0.241150,0.021057,0.174316,-0.144897,0.391113,0.280701
-0.166504,-0.015259,-0.105164,0.341980,0.568787,-0.002991,0.540649,0.183716,0.172668,0.488403
0.322021,0.099426,-0.068115,0.247620,0.492493,-0.126831,0.398376,0.507812,0.395081,0.117859
0.090881,0.229919,0.017822,0.219543,0.565430,0.050415,0.222717,-0.058594,0.506042,0.464233
-0.010620,0.056824,0.164856,0.033569,0.225281,0.333069,0.055542,0.255676,0.956360,0.447449
-0.084900,-0.107056,0.222717,-0.099365,0.214661,0.060303,0.145813,0.102112,0.732239,0.227112
0.413696,0.014160,0.268250,1.055176,0.803162,0.490906,0.350037,0.274597,0.641418,0.393921
0.166321,-0.196716,0.128357,0.049927,0.427551,0.385559,-0.124573,0.404236,0.614685,0.629639
0.169006,-0.080566,0.020203,0.146545,-0.028625,-0.054565,0.687012,-0.166504,0.400391,0.081726
2.102295,-0.310730,0.658630,0.637329,0.433533,0.501343,0.585327,0.513306,0.522461,0.733826
0.851929,-0.518433,0.307434,0.133118,0.127258,0.035706,0.737915,0.082214,0.329895,0.172546
0.368713,-0.362549,-0.225647,0.684875,0.013550,0.338684,0.831848,0.189453,0.291321,0.341736
0.218628,-0.127441,0.083130,0.162354,-0.054016,0.001465,0.242737,-0.012573,0.354980,0.096252
0.245422,-0.141846,0.659607,0.197510,0.228027,0.155273,0.209045,0.280090,0.827393,0.036133
0.675476,0.231384,0.489624,0.560181,0.160950,0.012756,0.271484,0.291504,0.459839,0.253967
0.717407,-0.166321,0.425110,0.159485,0.007019,-0.127014,0.964417,-0.106995,0.530884,0.247009
-0.008667,0.496765,0.498657,0.923401,0.376648,-0.055176,0.191650,0.050598,1.369873,0.111267
-0.157410,-0.058716,0.256409,0.221680,0.182129,0.330872,-0.012939,-0.152100,1.052002,0.355774
0.666199,-0.388245,0.324402,0.508301,0.392151,0.742676,0.579590,0.438049,0.141968,0.518738
0.640320,-0.323975,-0.191711,0.514526,0.186218,0.581909,0.744507,0.541077,0.694763,0.459900
0.401794,-0.178040,0.176392,0.729248,0.658264,0.333801,0.509949,-0.037842,0.752930,0.444641
0.135315,0.354004,0.527161,0.064209,-0.073425,0.021912,0.435669,-0.010681,0.503906,0.075623
0.320923,0.322449,0.663574,0.707642,0.121582,0.390686,0.088806,-0.085266,0.290466,-0.020874
0.457336,-0.143066,0.172424,0.160095,0.771790,-0.005188,0.395874,0.197937,0.173035,0.498291
-0.128662,0.806824,0.305176,0.115112,0.078125,0.028625,-0.020447,0.136597,0.708557,0.212219
0.120728,0.173889,0.143433,0.072754,0.021606,0.222351,0.004639,0.131897,0.382568,0.089111
0.352844,-0.052002,0.072876,0.313599,0.112610,0.094177,0.570862,-0.051636,0.511475,0.096069
-0.129517,0.010193,0.302490,-0.086487,0.347839,0.003906,0.312195,0.019470,0.790283,0.356873
0.950684,-0.310120,0.810730,0.286865,0.408325,-0.038330,0.288818,-0.064758,0.357483,0.021179
0.136658,-0.047607,0.142212,0.280457,0.402100,0.263916,0.012329,0.260986,0.708862,0.401367
0.515320,-0.015320,0.519287,0.240112,0.905945,-0.050354,1.084167,0.317932,0.113342,0.286011
1.005676,-0.162781,0.590942,0.196533,0.379822,-0.101746,1.228882,-0.007263,0.113403,0.339478
0.870056,-0.352722,0.602600,0.134644,0.426331,-0.011353,0.920410,0.333069,0.164673,0.420654
-0.107788,0.007446,0.347717,0.287048,0.487244,0.262878,0.123779,0.350769,0.741089,0.275879
0.287109,-0.159180,0.123535,0.508545,0.221313,0.438110,0.451355,0.459045,1.222229,0.635437
0.097961,0.023865,0.242065,0.343262,0.227600,0.244812,0.190369,-0.210022,1.049988,-0.109985
0.107910,0.161072,0.345703,0.047852,0.101501,0.162415,0.403564,0.410828,0.347229,0.425537
0.048950,-0.173950,0.699707,0.327576,0.743713,0.074951,0.191345,0.331848,1.007385,0.174194
0.348450,-0.382751,0.033569,0.296509,0.821899,0.297119,0.301758,-0.053406,0.194519,0.501770
0.206116,0.248840,0.305420,0.335083,0.018616,-0.062500,0.256165,-0.142090,0.613892,0.365540
-0.024170,-0.121460,-0.012451,0.052002,0.407837,0.197754,0.019592,0.069824,0.365784,0.424622
0.358337,-0.369324,0.364929,0.082397,0.620911,-0.015076,0.675232,0.378113,0.255676,0.238037
-0.094666,0.174011,-0.087708,0.098206,0.002747,0.048340,0.172058,0.040527,0.171570,0.118042
0.266357,-0.080627,0.446533,0.534973,0.653931,0.138733,0.273621,0.264221,1.053101,0.545654
0.192871,-0.097839,0.843445,1.193848,1.055603,0.250610,0.168945,0.207825,0.482361,0.658020
-0.149841,0.450806,0.122192,0.056213,-0.019287,0.020569,0.185059,0.091553,0.347900,0.140625
0.103577,0.131836,1.162292,0.609131,-0.131226,0.191467,0.459045,-0.375732,0.566467,0.167664
0.208130,-0.141052,0.136292,0.257812,0.317749,0.008179,0.405762,-0.173462,0.214111,0.190918
0.130920,-0.192139,0.128601,0.403748,0.651733,0.319763,0.245300,0.006042,0.300781,0.394836
-0.015442,0.555786,0.189514,0.203064,0.052124,0.051819,-0.104370,0.139954,0.409180,0.192322
0.197937,-0.241150,-0.199158,0.250793,0.717529,0.221008,0.436035,-0.051697,0.275879,0.678040
0.460144,-0.268799,0.129822,0.373657,0.209778,0.262085,0.460693,0.345093,-0.003662,0.538574
0.318359,0.252319,-0.002747,0.181152,0.228638,0.022217,0.116760,0.356445,0.356323,-0.117676
-0.099121,-0.085449,-0.016113,0.209229,0.775513,0.203308,0.186096,0.049316,0.423706,0.456665
1.046265,-0.471985,0.264343,0.284546,-0.078613,0.268982,0.545959,-0.039795,0.342407,0.307617
0.181213,-0.086609,0.337585,0.032410,0.451050,0.105530,0.382446,0.430359,0.555542,0.435364
0.477234,0.015930,-0.095398,0.575867,0.468384,0.035767,0.421509,0.279236,0.525513,0.510742
-0.205811,-0.062195,0.191223,0.077759,0.612183,0.292114,-0.067017,0.148621,0.615173,0.541443
-0.055664,0.556763,0.121216,0.049438,0.025513,0.033569,-0.015808,0.112671,0.394531,0.147827
0.859436,0.112915,0.193726,-0.092712,0.157776,0.005920,0.445801,0.355042,0.125427,0.306152
0.518005,-0.315063,-0.017212,0.081909,0.283325,0.326660,0.297180,-0.119751,0.410950,0.295471
0.409485,0.183655,0.790527,0.416199,-0.202393,0.173889,0.786804,0.066284,0.569458,0.151184
0.428772,0.106995,0.855469,1.293701,0.043579,0.643555,0.275208,-0.135376,0.478333,0.144226
0.114136,-0.260681,0.447327,0.369995,0.640503,0.472412,-0.290039,0.587036,0.781433,0.434509
0.783569,-0.414795,0.748413,0.638733,0.207520,0.364197,1.091919,0.019348,1.002991,0.310120
0.301025,0.074402,-0.083557,0.193665,0.682068,0.170044,0.363342,-0.010559,0.336182,0.672424
-0.413513,0.073303,0.047424,0.127075,0.418518,0.177124,0.239990,-0.012085,0.664062,0.421143
0.421814,-0.240784,0.265564,-0.054016,0.295349,0.169128,0.176208,0.060791,0.566467,0.140869
-0.017212,0.088379,0.164734,0.007874,0.182251,-0.081848,0.285217,-0.152832,0.388855,0.108093
0.502197,0.026184,0.014160,0.876282,0.223389,0.618103,0.444641,0.332703,0.454102,0.351624
0.602234,-0.261292,0.576172,0.690918,0.600525,0.163391,0.416687,-0.010620,0.856201,0.948669
0.070374,0.206482,0.308472,0.474670,0.012329,0.440857,0.253174,0.389587,0.453430,0.388123
0.405334,0.042114,1.045715,0.659180,0.399902,0.364868,0.638000,0.155029,0.372437,0.249817
-0.149475,0.353943,-0.011719,0.107056,0.064819,0.059326,0.083252,0.158020,0.235229,0.131104
-0.007141,0.016785,0.401489,0.359253,0.062256,0.106934,0.408997,-0.239563,0.658813,0.237671
-0.007385,0.524170,0.109741,0.159668,-0.097290,-0.023132,0.037292,0.141418,0.468384,0.083862
0.446106,-0.094482,-0.095154,0.158325,0.216431,0.119019,0.592102,0.067383,0.299500,0.348755
0.626770,0.148315,0.187256,-0.031616,0.227478,-0.271729,0.634705,-0.100708,0.483276,0.131470
0.599854,-0.236206,-0.119080,0.256958,0.075806,0.489258,0.323914,0.137024,0.254456,0.414490
-0.041260,-0.055176,0.519775,0.137451,0.730774,0.084839,0.097290,0.585022,0.785767,0.295837
-0.363037,0.189087,0.225464,0.055115,0.110718,0.010559,0.158203,-0.032043,0.744141,0.230957
0.243469,0.404419,0.473450,0.112732,-0.099670,-0.035706,0.493713,0.061951,0.399719,0.240723
-0.062561,0.132751,0.674622,0.516663,0.417847,0.025146,0.894714,0.071716,0.350769,0.266174
0.530029,-0.031921,0.544678,0.472595,0.517090,0.267395,0.833252,0.613708,0.398010,0.607727
0.161682,0.277893,0.065796,0.246277,0.154724,0.112244,0.025635,-0.230652,0.405334,0.246216
0.219299,-0.035706,0.886597,0.633545,0.482483,-0.029419,0.111267,-0.224182,0.617126,0.151367
0.219727,-0.240601,0.356567,0.047546,0.417786,-0.135132,0.755493,0.061646,0.427856,0.231628
0.465271,-0.353394,0.145569,0.181885,0.345398,0.292358,0.252808,0.333618,0.040344,0.421021
-0.301025,0.355591,-0.073486,0.276001,0.655396,0.099670,0.213562,0.130188,0.495667,0.415344
-0.124146,0.134705,0.427002,-0.038330,-0.052917,-0.074768,0.380554,-0.050232,0.856445,-0.059509
-0.111633,0.236938,-0.116211,0.190247,0.198303,0.164490,0.258728,-0.064697,0.532959,0.448120
0.148315,0.002930,0.253052,0.611816,0.519714,0.161560,0.359131,0.307129,0.439026,0.817749
-0.197876,0.123962,0.545105,0.475830,0.106201,0.074341,0.098328,-0.202820,0.456177,0.127502
0.000488,0.066772,0.124817,0.568237,0.289917,0.219543,0.442139,-0.004578,0.075928,-0.140686
1.229309,-0.190796,0.532959,0.422607,0.116516,0.232544,0.315613,0.219849,0.325439,0.162476
0.622986,-0.179626,-0.106995,0.623291,0.105347,0.495850,0.324402,0.528992,0.604187,0.203491
0.813171,-0.137512,0.531372,0.745117,0.437988,0.147217,0.729126,0.052673,0.431335,0.141968
0.156311,0.179993,0.275513,0.703918,0.418518,-0.009827,0.368591,0.278748,0.155762,0.147217
-0.135132,0.390686,0.079102,0.025940,-0.014771,0.010132,0.221130,0.055420,0.379272,0.076111
0.179443,0.299072,-0.019104,0.144653,0.596252,0.045593,0.391541,-0.217957,0.575806,0.343994
0.288696,0.184143,0.148254,0.286926,-0.112854,0.119995,0.645996,0.001770,0.238708,0.010193
0.198975,-0.097412,0.282776,0.057190,0.418823,0.036133,0.424255,0.012878,0.317017,0.138428
0.560364,0.061279,0.501892,0.406738,0.821655,-0.059753,0.277588,-0.088867,0.527893,0.546875
0.487183,-0.388428,0.361572,0.195557,0.057556,-0.054565,1.231445,-0.011841,0.299011,0.264648
0.768982,-0.152344,0.091431,0.339905,0.460083,-0.102722,0.526428,0.604248,0.405701,0.308777
-0.092468,0.418701,0.113525,0.116882,-0.007996,0.224487,0.196594,0.082336,-0.004578,0.252747
-0.059753,0.615051,0.258728,0.024475,-0.095154,-0.166016,0.230103,0.136475,0.440186,0.063477
-0.040161,0.213135,0.321960,0.139099,-0.108887,-0.075745,0.202209,-0.145203,0.636108,0.044861
0.269043,0.066528,1.220215,0.772156,0.337769,0.252258,0.407837,-0.309692,0.776733,0.411621
0.517883,-0.231750,-0.005981,0.410034,0.181335,0.599976,0.343079,0.015564,0.466187,0.451355
0.432495,0.033936,0.368713,0.513428,1.035767,0.048279,0.175598,0.110901,0.497803,0.573730
-0.059753,0.060547,0.074768,0.135864,0.183655,0.003174,0.141296,-0.022278,0.202148,0.252380
-0.164246,-0.029358,0.105103,0.310974,0.792542,0.082947,0.350220,0.072205,0.079834,0.243042
0.000854,-0.534363,0.169739,0.706238,1.083435,0.211609,0.498413,-0.033997,0.259277,0.365234
0.878052,-0.328735,0.195923,0.309326,0.216980,0.149658,0.379883,0.240540,0.232422,0.266052
1.181030,0.036438,0.650208,0.263977,0.163330,0.194031,0.066833,-0.048279,0.234375,0.009888
0.337341,0.150696,0.863464,0.526001,-0.094788,0.202332,0.535156,-0.201965,0.693359,-0.007507
0.130310,-0.009399,-0.164490,0.339905,0.285278,0.330017,0.418152,-0.107422,0.468201,0.133240
1.093140,-0.182129,1.041931,0.308228,0.131592,0.239441,0.796997,0.178101,0.112488,0.104736
-0.200256,0.019043,0.189636,0.082886,0.362976,0.286682,-0.107483,0.109619,0.449585,0.490356
-0.409973,0.401245,0.020630,0.290649,0.383545,0.090698,0.235535,-0.033997,0.464233,0.271057
0.972900,-0.296143,0.161316,0.254150,0.502502,0.290710,0.747437,0.468323,0.728516,0.447266
0.372253,-0.248108,0.570740,0.391418,0.200806,-0.095825,0.799683,0.169312,0.593079,0.276794
-0.183411,-0.135132,0.336060,0.472290,0.697510,0.288513,-0.127563,0.682129,0.849609,0.501221
0.027954,-0.091187,0.201782,0.157104,0.428711,0.002319,0.063782,0.196167,0.557739,0.167297
0.750244,0.015503,0.693176,1.051208,0.962952,-0.011902,0.261963,0.442017,0.760254,0.415344
0.105408,0.121643,-0.039307,0.070435,0.435608,0.526184,0.216309,0.493286,0.646179,0.642212
-0.042419,0.177673,0.014160,0.223083,0.692139,0.208008,0.070862,-0.056396,0.570435,0.442688
1.092957,-0.156616,0.666321,0.283325,0.878662,0.064575,0.662537,0.523254,0.381897,0.454041
-0.198303,-0.000671,0.149719,0.130493,0.630798,0.164001,0.038879,0.008057,0.605164,0.472534
0.830383,-0.201477,0.619812,0.520935,0.005066,0.324951,0.317261,0.551636,0.240356,0.310120
0.165894,0.050537,0.211060,0.056824,0.568787,-0.082886,0.172607,-0.008789,0.444763,0.327148
-0.001770,-0.112427,0.209167,0.236084,0.120544,0.177307,0.137390,-0.174194,0.844604,0.223145
0.727173,-0.455872,0.308228,0.285095,0.360413,0.064209,0.451233,0.107849,0.031311,0.186279
-0.187622,0.130249,-0.128174,0.257568,0.535950,0.356201,0.062378,0.301514,0.763367,0.524353
-0.055908,0.166138,0.213745,0.016174,0.083557,-0.132019,0.361816,0.039429,0.412842,0.016357
0.541931,-0.368713,0.162903,0.149536,0.088623,0.197815,0.223145,0.039734,0.117310,0.151001
0.267151,-0.185059,0.257568,0.161011,-0.033081,0.015381,0.835144,-0.033936,0.316223,0.233887
-0.153564,-0.198914,0.015442,0.436279,0.755066,0.362061,0.364502,-0.059143,0.312805,0.340027
0.566895,-0.179749,-0.149719,0.278015,0.268616,0.624207,0.084412,0.544250,0.710327,0.595032
0.290039,0.337402,-0.030945,0.390930,0.955322,0.034119,0.078552,0.197510,0.641663,0.453308
0.147705,-0.160034,0.320374,-0.015137,0.405090,0.242188,0.195984,0.053406,0.741821,0.495300
0.443115,0.070923,0.066284,0.744080,-0.129211,0.348145,0.733276,0.282349,0.255676,0.048340
0.522583,0.207886,0.371704,0.785034,-0.123901,0.545532,0.059570,-0.075562,0.519531,0.209900
0.070190,0.012451,-0.230896,0.284668,0.779053,0.200867,0.458374,0.059998,0.693604,0.518188
0.407776,0.056763,0.131348,0.674866,0.335205,0.256165,0.472900,0.164368,0.469421,0.342346
0.117188,0.090698,0.098999,0.484436,0.258423,0.119568,0.168579,-0.210205,0.435059,0.474426
0.183899,0.042847,0.166748,-0.054871,0.436218,0.065186,0.222107,0.396851,0.624207,0.277039
0.063599,-0.127869,0.188416,0.257874,0.432129,0.363281,-0.114868,0.435181,0.694031,0.212097
0.065674,0.111511,0.463440,0.177490,0.121155,0.247375,0.432129,0.200073,1.286743,0.404114
1.261841,-0.049927,0.450806,0.215576,0.135559,0.261047,0.510620,0.175903,-0.000854,0.336426
0.173218,0.500488,0.368896,0.430420,0.054810,0.021851,0.167419,-0.301575,0.577026,0.077148
-0.030396,0.094849,0.714844,0.441284,0.259155,0.324158,-0.086731,-0.258728,0.869019,0.338318
-0.185364,0.233704,-0.194580,0.101074,0.140686,0.186096,0.292297,0.104736,0.362305,0.195129
0.291016,-0.141541,0.059143,0.264832,0.386597,0.260742,0.198242,0.224243,0.201782,0.396484
0.969910,-0.154663,0.487854,0.144043,-0.014526,0.282288,0.176086,-0.116882,0.380432,0.108398
0.533875,-0.202820,0.213074,0.548889,0.011780,-0.057129,1.270630,0.421692,0.173828,0.443115
0.712952,-0.146118,0.105347,0.594177,0.341064,0.260498,0.318542,0.092102,0.434326,0.430725
-0.037231,-0.129333,0.033142,0.179565,0.612122,0.114868,0.141907,-0.057190,0.312439,0.309570
0.599426,-0.080322,0.591797,1.107056,0.141052,0.540405,0.506287,-0.060181,0.449768,0.219360
0.427368,0.084534,0.094666,0.522217,-0.265869,0.006592,0.623657,0.207764,0.506775,0.073608
1.583130,-0.470459,0.556030,0.289795,0.178711,0.432556,0.475281,0.030579,0.447449,0.464844
-0.345276,-0.073059,0.103760,0.132751,0.435181,0.365173,-0.055725,0.200073,0.937073,0.606628
0.500305,-0.416931,0.244568,0.198975,0.059814,0.077637,1.038574,-0.311523,0.458862,0.002136
0.411926,-0.068970,0.079224,0.510254,0.288879,0.268738,0.282776,-0.009399,0.380981,-0.013489
0.270752,-0.272461,0.342834,0.168762,0.317444,0.349976,0.408875,-0.000427,0.803589,0.479065
1.102661,0.172424,0.347473,0.151184,0.330811,-0.125061,0.382568,0.588745,0.608459,0.466553
-0.132812,0.100159,-0.097839,0.107239,0.719421,0.301025,0.199951,-0.015381,0.631287,0.564575
0.398376,-0.217102,0.078247,0.283630,1.014404,0.176270,0.505920,-0.109985,0.312317,0.678223
0.464844,-0.245117,0.320984,0.089355,0.301575,0.013794,0.776489,0.170227,0.178894,0.299866
-0.009094,0.109558,0.434875,0.019348,-0.112000,0.076782,0.259216,-0.097046,0.853943,0.168579
0.680969,0.382202,0.859497,0.320496,0.234192,-0.115601,0.669556,0.418274,0.759094,0.482605
0.143494,-0.221375,0.040955,0.162537,0.205078,0.211792,0.339966,0.101562,0.647644,0.369812
0.515808,-0.088074,-0.035034,0.148193,0.343994,0.113342,0.297363,0.306030,0.521240,0.368652
-0.242310,0.318420,0.434570,0.209106,0.426941,0.005554,0.052002,0.029602,0.762268,0.270813
0.448425,-0.000122,0.216797,0.548950,-0.033813,0.391663,0.317139,-0.298096,0.745056,0.122864
0.077026,-0.242004,0.145874,0.172913,0.208801,-0.087524,0.851074,0.177368,0.273682,0.600525
1.163452,-0.296021,0.831604,0.478882,-0.065613,0.432678,0.066528,-0.043762,0.314331,0.138245
-0.156494,0.255127,0.551147,0.061584,0.384705,0.007385,0.184753,-0.039490,0.697388,0.036316
0.218933,-0.036743,0.378418,0.531006,0.338257,-0.130493,0.595093,-0.323181,0.723328,0.217651
1.574402,-0.322632,0.438110,0.309875,0.676025,-0.033997,0.902527,0.524719,-0.087341,-0.116455
-0.057312,0.238403,0.602417,0.184753,0.597717,0.084351,0.756531,-0.094543,0.250854,0.263184
0.019226,0.166565,0.363708,0.163696,0.054443,0.079285,-0.037842,-0.261414,0.587708,0.247253
0.045349,0.301147,-0.002014,0.286194,0.025513,0.108643,0.095276,-0.048218,0.400146,0.188538
0.028259,0.706787,0.795959,0.635864,-0.086487,-0.044373,0.085999,-0.208923,0.801697,0.296936
0.117615,-0.223145,-0.162537,0.263062,0.368408,0.234436,0.419678,0.087830,0.386414,0.625183
0.010925,0.484680,0.331177,0.307983,0.563110,0.384338,-0.103455,0.340454,0.632935,0.609436
0.504272,-0.521973,-0.045105,0.319519,0.365051,0.489807,0.562866,0.333313,0.225525,0.548706
0.007263,0.087219,-0.105957,-0.014343,0.335205,0.217773,0.877563,0.309387,0.567322,0.340149
1.031128,-0.401123,0.472412,0.250610,0.033142,0.317322,0.444275,-0.084229,0.254395,0.161377
-0.031006,0.176025,0.182129,-0.062683,0.085938,0.003723,0.424683,0.046143,0.673828,0.345703
0.294861,-0.198853,0.352905,0.309998,0.696228,0.001770,0.353821,0.014954,0.594482,0.450134
0.334106,-0.054321,0.430420,0.062683,0.240173,-0.348328,0.988708,0.109009,0.479370,0.109253
0.186279,0.439392,0.407471,0.252869,-0.122131,0.124207,0.108154,-0.157898,0.647217,0.005005
1.383301,-0.273438,0.516113,0.284363,0.315002,0.070679,0.746277,-0.058655,0.326294,0.604187
-0.021912,-0.067810,0.493164,0.225281,0.418823,0.440918,-0.170166,0.464783,0.703613,0.321594
0.095337,0.127869,0.232910,0.067993,0.555176,-0.016174,0.107727,0.058044,0.544067,0.274719
-0.018433,0.126526,0.136230,0.454956,0.514404,-0.015320,0.332886,-0.295776,0.250061,0.486023
0.341064,-0.003296,0.465332,0.351501,0.201050,0.081909,0.204712,0.158752,0.336304,0.316223
0.274353,-0.221069,-0.018433,0.060120,0.622803,0.072327,0.362976,0.006592,0.161804,0.353882
-0.055176,0.090027,0.560242,0.415344,0.517334,0.142761,0.396790,0.347046,0.886719,0.257446
0.271790,-0.160156,0.669128,0.324646,0.265259,0.071960,0.675293,0.005798,0.368896,0.311218
0.179138,0.111023,0.784912,0.335083,0.071228,0.053894,0.530640,-0.266968,0.563538,0.111633
0.379761,-0.290039,0.383545,0.690491,0.799988,0.304626,0.319641,0.143066,0.622925,0.763855
0.252686,0.413147,0.689880,0.251892,-0.118713,-0.042419,0.566528,0.158081,0.544800,0.201904
0.516846,0.064880,0.093506,0.285156,0.166077,0.217896,0.147278,0.537292,0.359253,0.366272
0.237366,0.213867,0.193542,0.597656,0.172546,0.287659,0.435547,0.213379,0.141357,0.007019
0.482483,0.057129,0.198547,0.089966,0.574402,0.126587,0.033020,0.615295,0.578979,0.024536
-0.020935,0.338257,0.074646,0.019165,0.732849,0.096313,0.096497,0.234131,0.885620,0.511047
0.000244,0.309387,-0.230896,0.081970,-0.028809,0.045471,0.567749,0.139099,0.218628,0.215515
0.211182,-0.120605,0.289734,0.355408,0.284851,0.181641,0.368652,-0.375183,0.588745,0.312256
0.791870,0.280518,0.437805,0.419922,0.188110,0.174744,0.279724,0.561157,0.368408,0.343262
-0.000061,0.238037,0.646179,0.196777,0.113708,0.173096,0.528015,0.236145,0.347717,0.036438
0.928040,-0.366394,0.283630,0.160339,0.225952,0.214600,0.417419,0.114075,0.336365,0.238831
0.339966,-0.345276,-0.104492,0.054199,-0.092224,0.462830,0.884888,0.221252,0.569763,0.489563
0.262451,0.115173,0.351685,0.120605,-0.101013,-0.253967,0.496094,0.056641,0.155640,-0.071167
-0.118652,0.353088,-0.195374,0.149536,0.075134,0.108582,0.319580,0.126099,0.241760,0.134644
0.378052,-0.071289,0.188049,1.249390,1.039368,0.488098,0.259949,0.089294,0.603027,0.228271
0.065186,-0.018982,0.090942,0.096130,0.407959,0.230835,0.037476,0.052917,0.309998,0.364380
0.276794,0.057922,0.205994,-0.136902,0.091675,-0.000305,0.439270,-0.079346,0.337708,0.168396
0.226379,-0.080505,-0.027893,0.358215,0.513184,0.493164,0.155579,0.811218,0.750793,0.891235
-0.194458,0.485901,-0.055420,0.075745,0.101501,-0.022400,0.310791,0.149414,0.345642,0.136841
0.050232,0.327087,0.195374,0.010986,0.100220,0.288635,0.419556,0.130066,0.066406,0.110901
0.613342,-0.238464,0.330872,0.600464,0.078552,0.403137,0.262817,0.185486,0.473450,0.462708
0.536316,-0.106201,0.516785,0.700500,0.396606,0.256287,0.700500,0.167664,1.250305,0.244141
1.521606,-0.256592,0.377686,0.302368,0.353333,0.481628,0.296326,0.107788,0.206543,0.298157
0.501160,-0.092407,0.039978,0.771118,0.169189,0.175049,0.537292,0.100220,0.382690,0.187683
0.875916,-0.169067,0.050720,0.817322,0.612244,0.243896,-0.151733,0.587646,0.733276,0.233765
0.108215,0.320435,0.020813,0.047729,0.419250,0.384216,0.214722,0.307861,0.767273,0.556519
0.131165,0.127319,0.289673,0.373535,0.778687,-0.015869,0.235291,-0.051697,0.454773,0.400269
0.371704,-0.114014,0.216919,0.272156,0.014526,-0.061218,0.540527,0.030334,0.621277,0.165649
0.145630,0.047729,0.009216,0.275879,0.597473,0.131531,0.242493,-0.071045,0.484619,0.518127
-0.120667,0.458618,0.040100,0.054199,0.001953,-0.017822,0.230835,0.155334,0.435913,0.084473
0.260620,0.249329,0.690796,0.122559,-0.178345,0.063477,0.308838,0.196655,0.858521,-0.076477
0.841736,0.198975,0.560059,0.282471,0.549988,-0.048096,0.892151,0.524109,0.316772,0.187683
-0.206299,0.096863,0.219727,0.031494,0.323242,0.308167,-0.246399,0.224792,0.591370,0.515137
-0.002930,0.168518,0.060730,-0.046753,0.100525,0.163940,-0.103577,0.081299,0.294556,0.242554
0.157288,0.327942,0.043640,0.173096,0.699402,-0.044678,0.393677,0.123047,0.372681,0.379211
0.292297,0.039062,-0.042664,0.304382,0.154297,0.049561,0.413879,-0.107178,0.169617,0.214539
-0.489319,-0.161438,0.283020,0.159424,0.450623,-0.064331,0.450073,0.318237,0.830811,0.115112
0.742554,0.001160,0.588318,0.391357,0.461304,0.002075,0.238098,0.213501,0.529907,0.435608
-0.026794,0.588074,0.227783,0.023438,0.014343,-0.041443,0.057861,0.187256,0.429504,0.086975
0.478210,0.002319,0.126465,0.266907,0.781128,0.226624,0.121948,0.742920,0.896179,0.485901
0.312012,-0.358459,0.067810,0.239258,-0.112305,0.476379,0.656677,0.104370,0.470520,0.342468
-0.107117,0.410461,0.001831,0.059021,0.038208,-0.056580,0.209045,0.184204,0.242859,0.075623
0.285095,-0.197815,0.635315,0.121582,0.532349,0.501953,-0.275513,0.883545,0.818298,0.242249
0.405396,0.329773,0.411499,0.926941,-0.166565,0.378235,0.627197,0.289612,0.452087,0.115662
0.515869,-0.051880,0.074524,0.120422,0.864807,0.065063,0.569763,0.204773,0.381104,0.749390
-0.169373,-0.006104,0.052429,-0.064514,0.618225,0.371338,-0.129822,0.172668,0.498840,0.489502
0.671631,-0.237061,0.326599,0.047119,0.857056,-0.144958,0.862244,0.371399,0.030273,0.568909
0.512085,-0.143860,0.175110,0.540222,0.872864,0.165833,0.588257,0.190979,0.508179,0.820312
-0.158081,0.374146,-0.065674,0.180115,0.044495,0.073792,0.189148,0.149780,0.252930,0.106201
0.309448,0.162842,-0.084656,0.379944,-0.209229,0.216614,0.280762,0.024597,0.401306,0.057251
0.077332,0.139771,0.226929,0.472778,0.541992,0.273926,0.569519,0.352783,0.518311,0.388000
-0.007202,0.145081,0.335083,0.139893,0.172302,0.170654,0.239136,0.432739,0.785889,-0.036072
0.202515,0.246887,0.029053,0.412781,0.124023,0.294128,0.463684,-0.131348,0.298828,0.266235
0.032043,-0.021057,0.062195,0.619690,0.424438,0.164917,0.199951,-0.225952,0.406433,0.113586
0.305420,-0.010437,0.095581,-0.028076,0.293701,-0.194580,0.676208,-0.059326,0.503662,0.071289
-0.081116,-0.006836,0.008240,0.224792,0.381714,0.163208,0.048279,0.095032,0.362000,0.157288
0.040100,-0.037903,1.213440,0.565735,0.227112,0.094482,0.359497,-0.174255,0.973755,0.204834
0.152588,-0.155762,0.010620,0.440247,0.718140,0.428284,0.520630,-0.019836,0.232178,0.558289
0.171570,0.035706,0.063660,0.181213,0.176575,0.233582,-0.161926,0.681091,0.772766,0.296814
-0.163147,0.117004,0.348389,0.073120,0.177368,0.205139,0.372559,0.046143,0.880615,0.532288
-0.112976,-0.045532,0.198303,0.000488,0.020081,0.241943,0.333435,0.559326,0.676514,0.169189
-0.099731,0.621826,0.099487,0.055115,0.128479,0.095337,-0.110657,0.182983,0.458130,0.197937
0.066467,0.173950,-0.083130,-0.002991,0.007874,-0.012573,0.326355,-0.008179,0.119080,0.026123
0.180664,-0.091187,0.160767,0.491394,0.781433,0.078247,0.337952,-0.219360,0.629578,0.375122
0.352417,-0.135132,0.087463,0.561157,0.653564,0.151001,0.263855,0.380432,0.583435,0.366943
0.234375,-0.083740,-0.226318,0.474792,0.368164,0.337402,0.257935,-0.110291,0.428711,0.228516
-0.188782,0.174133,-0.196106,0.078918,0.027466,0.123962,0.547119,0.089050,0.373901,0.196167
1.849304,-0.209290,0.442200,0.669495,-0.157837,0.376831,0.757874,0.768982,0.665283,0.554199
-0.235291,0.145630,0.125610,0.009888,0.312012,0.350281,-0.203186,0.348145,0.655029,0.491760
-0.074890,0.346252,0.062622,0.325684,0.658691,0.256714,0.233032,0.367249,0.335388,0.616577
1.041687,0.129822,0.320923,0.329773,0.029114,0.059387,0.423645,0.465515,0.301025,0.154907
0.121643,0.071533,0.099915,0.096802,0.453430,0.259460,0.104126,0.415283,0.536011,0.497803
0.232788,-0.147339,-0.166443,0.282410,0.395996,0.211121,0.363098,0.048584,0.336304,0.579346
-0.020630,0.251831,-0.107178,0.150146,0.502563,0.214294,0.325378,0.227905,0.786377,0.320312
0.266296,-0.170715,0.101685,0.331177,0.758972,0.201355,0.254822,-0.018250,0.364136,0.460938
0.061523,0.256226,0.308350,0.282410,0.010742,-0.031250,0.449829,-0.139526,1.055298,0.200806
0.727417,-0.306458,0.318848,0.381165,0.967529,0.435791,0.372437,0.639282,0.486084,0.387146
0.600952,-0.472046,0.179504,0.594543,-0.287231,0.568726,0.807922,0.716248,0.212524,0.616882
0.338928,0.285706,0.036377,0.282715,0.788330,-0.150024,0.523438,0.005554,0.665649,0.295410
0.822266,-0.309692,0.500427,0.223389,0.118347,0.366943,0.039673,-0.096497,0.251587,0.149536
0.085083,-0.010742,0.325195,0.604370,0.300415,0.075684,0.190186,-0.120422,0.491455,0.108337
0.298523,-0.067200,0.833618,0.262024,0.228821,0.076599,0.461365,0.263428,0.603760,0.328674
0.005493,0.359436,0.116211,0.056213,0.037415,0.007385,0.024658,0.072449,0.385559,0.161560
0.942505,-0.017944,-0.061707,0.067078,0.005859,0.020691,0.500244,0.829590,0.288574,0.488037
0.025513,-0.020386,0.350891,0.043884,0.072693,0.090332,0.574036,0.018738,0.969971,0.353455
0.557861,-0.436340,0.385071,0.947205,0.955933,0.250122,0.522766,0.344543,0.605164,0.265259
0.117188,0.037476,0.360901,0.400696,0.288086,-0.012695,0.454712,-0.024475,0.315369,-0.007996
1.047546,-0.120361,0.528809,0.383484,-0.063354,0.243042,0.035461,0.090393,0.216919,-0.059937
0.452576,-0.028259,0.350037,0.854065,0.741699,0.290039,0.154785,-0.161926,0.523438,0.530884
0.888367,-0.210632,0.246399,0.289734,0.189026,0.146118,0.595276,0.199829,0.405579,0.257324
0.239746,-0.220764,0.150391,0.109070,0.123474,0.144104,0.611389,0.292908,-0.004211,0.224121
-0.005493,0.498352,0.121826,-0.013916,0.010803,0.002258,0.063110,0.163757,0.284668,0.096069
0.127380,-0.216431,-0.343079,0.192871,0.083496,0.378479,0.303040,0.466980,0.317322,0.549133
0.219971,0.231018,0.298401,0.397766,0.426392,0.028748,0.199707,-0.035217,0.315369,0.242920
-0.071777,-0.115417,0.648071,0.201233,0.439697,0.095520,0.181580,-0.184448,0.819092,0.258179
0.373413,0.073486,0.237183,0.456360,0.034058,0.050049,0.886841,-0.090698,0.579529,0.160461
0.851807,-0.160400,-0.073853,0.388550,0.290466,0.111206,0.252991,0.517151,0.432800,0.581787
0.154053,0.090454,0.554382,0.543823,0.453308,0.112488,0.482483,0.207397,0.193970,0.193054
0.835388,-0.271851,0.740356,0.184875,0.464355,-0.017822,0.704895,0.431213,0.154968,0.320801
0.075500,-0.364746,0.025879,0.314636,0.612915,0.351257,0.303772,-0.205261,0.381042,0.582886
0.212891,0.144226,-0.118652,0.260132,-0.073486,0.259399,0.424072,0.105530,0.436157,0.164246
-0.098206,0.293518,-0.060425,0.034302,-0.087769,-0.036072,0.367920,0.068237,0.242737,0.028931
0.516418,-0.324097,0.870422,0.754517,1.317200,-0.101990,0.576721,0.123413,0.747803,0.747131
1.332092,-0.281616,0.495789,0.290222,0.176270,0.231873,0.702332,0.322144,-0.054810,0.592651
0.398376,-0.026489,0.552490,0.455139,0.127869,0.178650,0.148987,-0.197266,0.533386,0.142090
0.429138,-0.197205,-0.074829,0.280823,-0.260193,0.256531,0.706787,0.240234,0.544250,0.413269
0.129456,0.089905,-0.202759,0.298340,0.530884,0.201172,0.359802,0.114563,0.567017,0.584106
-0.194092,0.265930,0.447144,0.087402,0.428467,-0.034607,0.160095,-0.098022,0.548828,0.344971
1.743958,-0.208252,0.469971,0.371765,0.157776,0.544678,0.446106,0.564636,0.133606,0.211914
0.217651,-0.134766,0.166199,0.082153,0.072632,0.072754,0.778015,-0.126038,0.475098,0.140076
0.793579,-0.095520,0.766174,0.190125,-0.020264,0.121948,0.701294,-0.066956,0.231140,0.303650
-0.163940,0.835815,0.432495,0.260315,0.040100,0.021362,-0.171875,0.198608,0.793152,0.259644
-0.120056,0.059204,-0.115967,0.065063,0.490967,0.423035,0.038391,0.540039,0.610352,0.530334
0.360291,0.056213,-0.033691,0.576843,0.363770,0.465393,0.019104,0.244690,0.543945,0.525940
0.436768,0.175964,0.050842,0.291504,0.808472,-0.022949,0.333496,-0.073242,0.601624,0.399658
-0.021729,0.299255,0.111694,0.024963,-0.086060,-0.087769,0.089722,0.032410,0.255981,0.093628
0.981567,-0.232544,0.524902,0.250366,0.091187,0.198975,0.263733,0.166382,0.252258,0.076477
0.880188,-0.443420,0.263489,0.735352,0.642578,0.395386,0.531372,0.099854,0.266235,0.419739
-0.054871,-0.013916,0.041382,0.355713,0.883179,0.111755,0.365112,-0.091553,0.653870,0.322876
0.167480,0.059448,0.202942,0.546204,0.101868,0.237549,0.556824,-0.135620,0.491028,0.285583
-0.040771,0.577087,0.192688,-0.004272,-0.025330,0.032104,0.036682,0.140625,0.424133,0.135193
-0.167786,0.263489,-0.119507,0.051331,0.105713,-0.047180,0.335205,0.126770,0.184692,0.126953
-0.059692,-0.188477,0.177307,0.039124,0.609497,0.481934,-0.184570,0.140808,0.453796,0.491882
-0.165283,-0.279297,-0.062439,0.289368,0.770203,0.227844,0.191650,0.001831,0.367859,0.460510
0.039978,-0.253845,0.123413,0.150635,0.775696,0.204956,-0.046631,-0.007996,0.470276,0.451782
-0.160522,-0.163147,0.150452,0.141113,0.335876,0.318054,-0.071350,0.017639,0.592896,0.481873
-0.396667,0.101990,0.173767,0.206726,0.478455,0.021790,0.067627,-0.135132,0.649109,0.301147
0.316223,0.384338,0.359802,0.053894,0.452454,-0.099182,0.437622,0.087585,0.932495,0.319031
0.600708,-0.419861,0.665894,0.555786,1.226990,-0.118225,0.598022,0.406250,0.212463,0.622986
1.062988,-0.272644,0.780884,0.391663,-0.035461,0.336975,0.434204,0.140198,0.191711,0.405579
0.339111,0.003784,0.765869,0.370239,0.395081,0.289246,0.365540,-0.010803,0.341858,0.432434
-0.188293,-0.139587,0.088135,0.111938,1.080444,0.074402,0.204041,0.067993,0.407837,0.388062
0.492126,-0.469543,0.370972,0.602356,0.757568,0.458252,0.616943,0.080078,0.627197,0.448364
-0.158142,0.611572,0.125244,0.037659,0.027222,-0.088867,0.065674,0.161255,0.515503,0.151001
-0.073120,0.507812,0.154663,0.046875,-0.051392,-0.044739,0.251465,0.078308,0.414062,0.029053
0.373230,-0.173035,0.283081,0.186340,-0.188293,-0.201477,0.883179,-0.230774,0.599243,0.025513
0.637939,-0.236389,0.347778,0.376587,0.818848,-0.064087,0.568237,0.284119,0.733337,0.551575
0.521423,-0.312988,-0.183044,0.249451,0.837524,0.510864,0.392456,0.401733,0.376831,0.828064
-0.114075,0.308655,-0.104858,0.095337,0.105286,0.055359,0.183960,0.160522,0.235535,0.110840
0.100708,0.156128,-0.058350,0.209229,0.614807,0.144043,0.295227,0.012207,0.375793,0.634033
-0.064209,0.072266,-0.100586,0.148254,0.311829,0.158630,0.250183,-0.074524,0.370789,0.271362
0.170837,0.391968,0.494751,0.029541,0.025635,-0.033875,0.813049,0.205261,0.565796,0.424072
-0.349548,-0.309204,0.364014,0.698975,1.285217,-0.149231,0.526672,0.167786,0.254089,0.561707
-0.200867,0.276245,-0.052734,0.103333,0.008057,0.143188,0.393982,0.031799,0.465759,0.149414
0.651123,-0.512451,0.229553,0.186890,0.687317,0.288818,0.543823,-0.129578,0.187622,0.486145
0.134766,0.025940,0.037781,-0.089661,0.146606,0.060486,0.046570,0.329224,0.609375,0.098694
0.499573,-0.201416,0.288391,0.794922,0.065125,0.249268,0.375061,0.247803,0.072571,0.229797
0.178833,-0.066162,0.046082,0.430115,0.351624,0.121643,0.448730,0.067688,0.159363,0.107483
0.359436,0.187500,0.171021,0.886841,0.367615,0.258484,0.600037,0.018433,0.219116,-0.157349
-0.112915,0.346069,-0.031982,0.126831,0.079407,-0.001343,0.213135,0.057495,0.168030,0.096802
-0.213074,-0.429932,0.349426,0.660217,1.111572,0.132996,0.378052,-0.016846,0.186096,0.560547
0.262268,-0.382141,-0.034424,0.399414,0.604919,0.209900,0.556946,0.124939,0.021790,0.277466
0.492126,-0.369690,0.061462,0.433655,0.044617,0.190491,0.769409,0.334839,0.147278,0.131348
0.010986,0.090515,0.792480,0.594238,0.902710,-0.112244,0.442810,-0.071899,0.704224,0.286926
0.136108,-0.075378,-0.088806,0.189514,0.629822,0.195435,0.369019,-0.140808,0.344238,0.484192
0.285278,-0.059692,0.358704,0.280701,0.595886,-0.071960,0.260437,-0.004028,0.422607,0.499207
-0.038086,0.505615,0.144104,0.006714,-0.077881,-0.078552,0.121155,0.177795,0.549866,0.120544
0.435608,-0.053711,0.273193,0.438965,0.905579,0.065613,0.293030,0.140747,0.221802,0.387512
0.252319,-0.180359,0.733276,0.996704,0.597839,0.829712,0.057800,0.366150,0.454590,0.310425
-0.022949,-0.147278,0.488892,0.208496,0.584717,-0.002808,0.561462,-0.112671,0.580750,0.587158
1.166748,-0.212036,0.240356,0.205933,0.117920,0.123352,0.526794,0.268494,0.417786,0.164124
0.387756,0.011414,-0.049744,0.067200,-0.182373,0.282532,0.583679,0.218689,0.199707,0.271118
0.248962,-0.153381,1.013428,0.755737,0.495667,0.117371,0.701111,-0.318298,0.703308,0.199768
0.144348,-0.024414,0.079285,-0.081360,0.113708,0.154175,0.095398,0.017212,0.425110,0.165039
-0.231323,0.260437,-0.125305,0.000061,0.069397,0.082581,0.490723,0.114258,0.304688,0.195618
0.238586,0.313965,0.970398,0.380981,0.022949,0.204956,0.679504,0.070862,0.336365,0.331299
0.369385,-0.042664,0.249939,0.548340,0.149414,0.260864,0.478333,-0.072510,0.547424,0.160522
0.551025,-0.106445,0.021179,0.842407,0.529907,0.405762,0.958374,0.197266,0.270691,0.194092
0.619385,-0.247375,-0.118958,0.480713,0.648438,0.095764,0.545288,0.096985,0.400208,0.371033
0.557983,-0.227051,0.422485,0.407654,0.827332,-0.105469,0.531921,0.183167,0.273682,0.410767
1.221008,0.008850,0.490784,0.400330,-0.050903,0.005554,0.346069,0.234375,0.361755,0.461792
0.037842,0.169495,0.255493,0.179871,0.119690,0.062317,0.284668,0.021545,1.060913,0.409119
0.028809,0.076599,0.597168,0.390747,0.575378,-0.052185,0.419006,-0.129700,0.441956,0.244446
0.425903,0.029663,0.437927,1.002930,0.493286,0.599060,0.278137,-0.035034,0.482666,-0.089172
0.540466,-0.045593,0.142944,0.721924,-0.128540,0.317810,0.682800,0.419800,0.317566,0.259399
-0.114502,0.236877,0.088501,-0.050964,-0.043579,-0.029297,0.086365,0.000305,0.214661,0.151917
0.537415,-0.264893,0.987183,0.310608,0.480713,0.376587,0.213318,0.752014,0.727905,0.638489
0.380737,0.033813,-0.026001,0.462280,0.170898,0.423950,0.269409,0.191833,0.382874,0.371460
0.501404,-0.228821,0.150085,0.426697,0.074768,0.409119,0.726746,-0.144104,0.452698,0.485474
0.301208,-0.025757,0.467712,0.026978,0.896362,0.077942,0.075439,0.349548,0.883728,0.397705
0.147400,-0.229309,0.284973,0.074341,0.156738,0.025879,0.764221,-0.157959,0.380371,0.234741
0.503845,0.156616,0.236145,0.520203,-0.114380,0.330078,0.427307,0.300720,0.512634,0.062927
0.011047,0.469177,0.771240,0.334595,0.074341,0.158020,0.368530,-0.183655,0.849915,0.110229
1.220825,-0.261902,0.358276,0.298279,0.390991,0.145203,0.749634,0.279724,0.035706,0.373108
0.098816,0.323975,0.109497,0.003113,-0.094666,-0.067993,0.493042,-0.046509,0.450806,-0.114746
0.445374,0.316772,0.364258,0.972961,-0.344116,0.289795,0.571289,0.322876,0.051086,0.164551
0.859253,-0.104736,0.474243,0.246948,0.223389,0.037292,1.097961,0.087280,0.362976,0.315125
0.853027,0.036682,0.460999,0.281067,0.099915,0.233887,0.124939,0.039001,0.219604,0.017090
0.855896,-0.275879,0.266846,0.501221,0.222473,0.262634,0.279541,0.758972,0.518250,0.678833
0.902161,-0.238525,1.006409,-0.019897,0.156860,0.278503,0.881165,0.478821,0.827759,0.504700
-0.005066,0.453674,0.196655,0.065063,-0.141968,-0.202454,0.186157,0.072815,0.401794,0.022583
0.231689,-0.076050,0.170105,0.198120,0.525879,0.359863,0.164490,0.365601,0.501221,0.684021
-0.100647,0.447693,0.126953,0.043335,-0.027344,-0.045532,0.162537,0.052795,0.368713,0.063232
-0.168884,-0.334656,0.095154,0.129761,0.388794,0.068604,0.179626,0.309814,0.453308,0.040039
0.321533,0.212463,0.635376,0.418823,0.093201,0.195679,0.198242,-0.152466,0.579041,-0.017517
-0.115234,-0.028381,0.478394,0.621948,0.584961,0.010803,0.482117,0.302795,0.817261,-0.034607
0.216431,-0.081726,0.382690,0.439026,0.106506,0.091064,0.269653,-0.176880,0.031311,0.216858
-0.118713,0.598022,0.060852,0.069946,0.113220,0.040283,0.033325,0.162415,0.439941,0.221313
-0.154419,0.169983,0.103821,0.144653,0.454102,0.250366,0.095703,0.195984,0.473999,0.426453
0.169373,0.010010,-0.070496,0.416870,0.663818,0.332275,-0.068970,0.372803,0.818115,0.540955
0.467712,0.237488,0.362061,0.107605,-0.286377,-0.375122,0.977966,0.004150,0.386963,-0.057556
-0.059326,0.567810,0.104736,-0.015869,0.050415,0.029663,-0.039917,0.158875,0.359741,0.132507
-0.011597,0.669739,0.155151,0.076355,-0.125671,-0.142761,0.147522,0.131104,0.547119,0.091187
0.232422,0.312012,0.238647,0.176575,-0.130981,0.167542,0.163208,0.167480,0.457031,0.104309
0.343506,0.003845,0.092163,0.522278,0.629517,0.169739,0.092834,0.018860,0.533630,0.560608
0.680420,0.029846,0.337280,0.935913,-0.011902,0.507507,0.581482,-0.100464,1.071167,0.101135
-0.126892,0.894775,0.426086,0.275757,-0.029724,-0.102905,0.095703,0.077148,0.908142,0.160278
0.402954,0.117310,0.267151,0.460693,0.415588,0.060425,0.299438,0.593384,0.328186,0.376099
-0.109863,0.036804,0.139465,-0.006470,0.187256,0.198425,-0.119263,0.080444,0.441467,0.194580
0.256409,-0.234314,0.337402,0.696594,1.152832,0.080505,0.298096,-0.027893,0.324829,0.498657
0.122131,-0.091125,0.070129,0.380981,0.185120,0.348389,0.299805,0.486694,0.260681,0.179749
1.337097,-0.071655,0.148621,0.644104,0.054993,0.306702,0.229858,0.810913,0.425293,0.316162
0.416016,-0.323059,0.076172,0.005554,0.457825,0.282654,0.091309,0.398682,0.293152,0.425293
0.204163,0.186523,0.005127,0.510559,0.328369,0.025330,0.502747,-0.143188,0.263306,0.247986
-0.079102,0.698364,0.310852,0.314880,-0.087280,-0.097778,0.042114,0.154907,0.592224,0.183960
0.407898,0.115295,0.659058,0.773438,0.189880,0.640503,0.248047,-0.065674,0.475220,0.218750
-0.041260,0.583679,0.242737,0.075562,-0.014038,-0.031067,0.104553,0.106384,0.478333,0.081299
0.933472,-0.291809,0.193176,0.249939,0.002747,0.136108,0.596069,-0.016296,0.545593,0.054932
0.253601,-0.049622,0.175476,0.145081,0.178711,0.189026,0.119263,0.195068,0.330688,0.339294
-0.111877,0.068542,0.435730,0.035400,0.369202,0.006775,0.161255,0.458191,0.916565,0.256165
0.905701,-0.292725,0.622009,0.290771,0.397461,0.232483,0.210205,-0.035889,0.302246,0.287354
0.193909,-0.134644,-0.048889,0.704773,0.520447,0.331665,0.511414,-0.154907,0.437988,0.279053
0.187683,-0.017273,-0.004822,0.391663,0.420532,0.253967,0.008240,0.760803,0.539246,0.064941
0.443787,0.134827,0.118530,0.229004,-0.057922,0.343628,0.288208,0.082703,0.576599,0.124878
0.299072,-0.095947,0.907043,0.451111,0.264038,0.148254,0.276550,0.222595,0.665161,0.200012
-0.011292,0.125610,-0.107117,-0.040771,0.532288,0.266846,0.029785,0.456421,0.490173,0.470886
1.003784,-0.149475,0.463684,0.234253,0.135132,0.025452,0.738831,0.094238,0.112427,0.175903
0.586914,-0.263977,0.203979,0.205200,0.232727,0.093140,0.524902,0.251831,0.024170,0.261658
0.211182,-0.221313,-0.110901,0.274231,0.810120,0.188416,0.456787,-0.033203,0.317871,0.604553
0.017883,0.017761,0.742310,0.545959,0.319458,0.133423,0.336670,-0.018677,0.589722,0.030945
0.874634,-0.316101,0.541321,0.551147,1.016602,0.294067,0.696289,0.465820,1.190979,0.656372
0.442810,0.067383,-0.069946,0.417664,-0.065186,0.257568,0.566956,0.143494,0.341125,0.057739
0.558350,-0.307495,0.169983,0.329041,0.661560,0.137573,0.566833,-0.232605,0.386841,0.087646
0.181152,0.338928,0.410767,0.130981,0.130737,0.076538,0.281677,0.071777,0.417969,0.019165
0.148376,0.017029,0.625732,0.143555,0.131958,0.004517,0.266296,-0.016357,0.513977,0.097534
0.516663,-0.326904,-0.061707,0.299805,0.532776,0.440002,0.241577,0.693420,0.869751,0.450073
0.461182,0.071228,0.160034,-0.120850,0.050415,-0.294922,0.742798,-0.079773,0.406860,0.076111
1.750122,-0.150940,0.288635,0.352661,0.114380,0.312256,0.763489,0.566833,0.470764,0.408936
0.012085,-0.152039,0.354980,0.019226,0.421997,0.210571,0.209656,-0.169128,0.633911,0.430786
0.237061,-0.450134,0.896851,0.263794,0.118530,0.280273,0.458313,0.281067,0.392456,0.090637
-0.541382,0.227722,0.335815,0.090149,0.225647,0.073303,0.080322,-0.049072,0.937256,0.326172
0.345520,-0.229065,0.692261,0.443115,0.241272,0.366699,0.353027,-0.200623,0.593201,0.140442
0.269470,-0.138489,0.662659,1.058777,0.821228,0.465576,0.656555,-0.002747,0.638306,0.049805
0.474060,-0.118042,0.323914,0.397217,0.376587,0.048706,0.582703,-0.318359,0.488831,0.100708
0.194519,-0.327087,0.715210,0.767273,0.735596,0.208618,0.746765,-0.139404,0.445374,0.583191
0.314758,0.140137,0.388550,0.517334,0.251831,-0.048462,0.345764,-0.016968,0.699219,0.448669
-0.100952,-0.125061,0.292053,0.129028,0.437561,0.118225,0.036987,0.563965,0.548218,0.242065
-0.185730,0.016418,0.032288,0.517517,0.940613,0.092529,0.436462,0.012878,0.500305,0.583252
-0.158203,-0.041565,0.219971,0.106506,0.450317,0.183411,-0.113708,-0.047485,0.463257,0.302246
0.298218,-0.155701,-0.229187,0.186890,-0.023315,0.294312,0.379211,0.315430,0.153870,0.118896
0.829041,-0.447083,0.519104,0.195007,0.307861,-0.011353,0.490784,0.139465,0.093872,0.065796
0.209106,-0.371277,0.230042,0.155151,0.161072,0.102600,0.646606,0.290894,0.189758,0.293213
0.883606,-0.457336,0.580139,0.205566,0.218018,0.052429,0.626343,0.301575,0.224854,0.230591
0.491699,0.157288,0.252869,0.547791,-0.035034,0.591675,0.325134,-0.168274,0.769958,0.368652
-0.024841,-0.145813,1.140747,0.469604,0.374634,0.043701,0.282715,-0.069031,0.586731,0.328796
-0.121094,0.450317,0.037292,0.099304,0.096924,0.007874,0.185425,0.155884,0.288940,0.024536
0.526733,-0.303162,0.020447,0.293518,-0.039185,0.395630,0.441345,-0.002014,0.493408,0.119263
0.417297,0.452148,0.659241,0.528564,-0.392029,0.090515,0.352234,-0.213074,0.580688,0.169556
-0.149292,-0.014404,0.659119,0.238708,0.571655,0.048096,0.513000,0.483887,0.462708,0.378296
0.376892,0.018860,0.287048,0.229675,0.534912,-0.029114,0.307312,0.145996,0.347473,0.508362
0.788574,-0.297241,0.326904,1.022888,0.013306,0.361023,1.195740,0.323547,0.591431,0.310242
0.825256,-0.273682,0.539429,0.365601,0.244751,0.034851,0.636414,0.165344,0.571411,0.133728
