9,0.455078
60,0.516724
83,0.456299
118,0.560120
143,0.492676
194,0.458984
231,0.482849
232,0.528625
271,0.469849
275,0.485718
289,0.488464
292,0.489807
301,0.454224
354,0.574097
361,0.455261
415,0.498230
428,0.453491
495,0.494324
523,0.487854
526,0.530579
587,0.474426
594,0.479553
597,0.509888
616,0.463501
665,0.464600
711,0.467346
730,0.475891
761,0.468628
771,0.488770
782,0.504028
805,0.516479
869,0.468445
888,0.521484
900,0.476746
910,0.459595
923,0.488586
944,0.503296
949,0.488037
1001,0.482727
1035,0.475647
1049,0.481384
1053,0.473022
1057,0.458862
1105,0.470398
1143,0.491394
1182,0.492310
1226,0.482300
1285,0.583435
1296,0.556213
1320,0.461853
1356,0.467773
1426,0.523865
1430,0.457214
1445,0.469971
1461,0.459045
1469,0.578125
1510,0.536560
1532,0.510132
1562,0.486084
1626,0.498230
1647,0.573792
1686,0.468079
1715,0.456604
1717,0.508728
1722,0.489868
1725,0.453796
1728,0.471008
1735,0.459656
1800,0.495117
1802,0.512756
1830,0.534424
1833,0.546387
1880,0.471375
1905,0.477417
1928,0.457031
1933,0.488159
1994,0.460327
2006,0.497925
2040,0.476746
2103,0.461487
2180,0.474243
2188,0.514648
2206,0.499939
2230,0.453491
2250,0.490906
2260,0.504761
2269,0.456726
2271,0.559631
2283,0.499634
2295,0.485229
2315,0.576050
2345,0.489136
2348,0.505005
2350,0.465393
2418,0.481995
2420,0.472473
2471,0.587219
2494,0.566956
2520,0.540833
2527,0.559143
2538,0.539062
2572,0.515930
2635,0.456177
2654,0.473511
2657,0.456482
2703,0.477783
2759,0.505188
2775,0.454895
2783,0.495117
2789,0.536865
2791,0.468140
2809,0.466003
2825,0.491943
2837,0.494324
2867,0.521790
2876,0.554138
2990,0.454224
3132,0.453491
3152,0.466553
3154,0.480896
3156,0.462097
3197,0.469055
3242,0.511902
3245,0.498047
3273,0.505127
3295,0.473022
3317,0.456970
3322,0.455566
3345,0.530640
3349,0.487610
3360,0.461426
3407,0.560669
3441,0.453613
3453,0.503418
3466,0.456482
3469,0.529175
3472,0.497131
3477,0.596375
3478,0.579224
3490,0.470520
3492,0.458862
3503,0.465149
3548,0.490417
3561,0.467285
3564,0.470459
3565,0.488464
3625,0.483643
3640,0.550476
3670,0.456055
3697,0.457153
3709,0.458984
3809,0.529236
3828,0.488831
3849,0.454285
3868,0.495483
3880,0.569763
3882,0.484558
3908,0.511780
3928,0.459045
3935,0.470459
3940,0.485474
3963,0.527893
4020,0.455200
4039,0.481934
4040,0.491760
4058,0.555969
4077,0.473938
4090,0.453735
4094,0.589783
4097,0.498474
4105,0.495544
4109,0.457458
4142,0.456848
4159,0.508057
4177,0.533386
4191,0.469543
4194,0.594055
4204,0.461243
4237,0.468994
4265,0.457214
4335,0.453796
4338,0.575195
4344,0.479614
4396,0.509644
4412,0.521118
4419,0.460205
4422,0.465576
4435,0.495178
4446,0.456787
4484,0.546143
4515,0.477417
4556,0.470825
4564,0.460327
4600,0.482117
4623,0.555847
4639,0.459167
4686,0.548096
4704,0.482056
4706,0.480042
4770,0.479309
4801,0.474060
4843,0.496338
4862,0.470581
4946,0.559875
4950,0.462769
4969,0.524353
4988,0.483215
5005,0.492371
5012,0.552612
5017,0.509705
5025,0.536682
5090,0.467834
5139,0.490479
5146,0.511780
5156,0.618408
5163,0.469421
5246,0.747803
5251,0.453796
5261,0.501282
5276,0.545166
5281,0.555603
5286,0.470154
5305,0.509399
5370,0.472778
5421,0.454651
5422,0.511719
5457,0.551819
5467,0.484924
5479,0.506836
5505,0.491394
5523,0.506958
5582,0.651367
5584,0.464478
5603,0.522339
5605,0.504944
5606,0.516541
5648,0.457336
5691,0.453430
5767,0.471375
5769,0.484680
5808,0.504822
5816,0.456970
5844,0.503174
5858,0.491455
5864,0.453918
5957,0.522949
5967,0.457886
6037,0.453552
6050,0.456604
6058,0.523254
6060,0.476807
6076,0.536255
6077,0.479553
6100,0.478149
6123,0.505493
6134,0.457520
6150,0.483093
6178,0.464966
6187,0.456787
6231,0.514587
6277,0.453552
6295,0.505005
6314,0.457336
6323,0.505371
6337,0.478271
6338,0.540833
6358,0.461853
6374,0.506958
6386,0.479553
6391,0.479919
6426,0.458313
6451,0.459106
6491,0.461914
6492,0.487610
6494,0.492371
6495,0.477173
6544,0.489685
6572,0.457825
6579,0.525513
6671,0.470398
6677,0.485657
6687,0.457153
6708,0.456299
6725,0.518677
6766,0.502625
6812,0.511414
6813,0.482178
6823,0.480042
6832,0.479614
6863,0.513367
6925,0.462463
6941,0.572021
6961,0.572937
6968,0.529785
6980,0.487854
7009,0.506531
7021,0.505005
7067,0.456360
7159,0.747742
7205,0.491150
7227,0.490845
7291,0.493591
7304,0.489380
7318,0.453552
7333,0.515137
7335,0.459473
7337,0.487732
7339,0.474182
7350,0.491943
7407,0.493469
7423,0.462524
7473,0.459351
7491,0.453674
7590,0.747803
7609,0.467957
7657,0.471008
7661,0.456421
7666,0.465820
7670,0.562073
7703,0.476868
7711,0.555176
7756,0.526794
7757,0.480225
7776,0.459534
7778,0.490906
7787,0.563293
7812,0.483704
7916,0.561890
7925,0.483765
7937,0.484192
7956,0.485046
7961,0.494507
7967,0.511902
7981,0.487854
8027,0.454285
8035,0.455505
8135,0.561890
8190,0.505188
8214,0.459534
8218,0.471436
8308,0.470459
8337,0.462646
8431,0.453674
8445,0.459656
8447,0.469543
8458,0.495056
8476,0.478699
8685,0.456421
8760,0.489746
8898,0.461975
8915,0.455444
8923,0.479309
8971,0.495422
9040,0.457214
9047,0.480103
9066,0.470581
9105,0.548828
9135,0.481506
9136,0.455566
9164,0.456421
9165,0.471497
9237,0.479797
9250,0.597595
9260,0.555847
9341,0.454102
9385,0.467773
9392,0.470642
9448,0.505188
9471,0.552673
9503,0.488281
9527,0.460938
9543,0.453674
9563,0.600891
9576,0.525330
9588,0.482178
9590,0.489624
9619,0.459290
9629,0.472229
9634,0.539001
9778,0.454529
9801,0.456238
9864,0.477112
9884,0.453552
9902,0.535217
9905,0.456604
10071,0.549500
10110,0.565369
10179,0.468811
10199,0.474182
10240,0.515442
10247,0.472839
10260,0.552307
10298,0.500793
10354,0.480652
10374,0.453735
10407,0.486328
10420,0.507507
10437,0.476685
10508,0.479736
10511,0.454041
10526,0.548096
10596,0.502319
10597,0.525513
10604,0.469788
10652,0.559021
10662,0.483032
10724,0.489746
10769,0.530945
10842,0.481506
10889,0.494812
10927,0.517212
11092,0.470947
11105,0.476746
11117,0.556580
11160,0.503296
11165,0.507141
11236,0.455750
11271,0.559082
11338,0.527344
11466,0.456360
11526,0.456299
11560,0.458313
11564,0.522949
11589,0.637024
11594,0.490173
11613,0.533325
11619,0.588013
11671,0.515747
11680,0.481384
11714,0.453674
11753,0.654724
11832,0.494507
11835,0.483704
11839,0.528137
11899,0.513184
11934,0.510681
11971,0.492981
12032,0.541077
12033,0.655640
12041,0.574768
12042,0.474792
12089,0.521790
12115,0.453735
12146,0.456665
12148,0.467407
12174,0.478638
12181,0.456665
12188,0.515015
12209,0.491699
12211,0.465210
12224,0.470703
12291,0.469238
12337,0.458984
12399,0.481628
12436,0.459717
12465,0.491089
12479,0.492493
12504,0.455322
12515,0.468323
12528,0.491943
12535,0.546936
12549,0.555908
12584,0.454956
12618,0.492188
12621,0.470581
12633,0.518921
12668,0.560669
12685,0.458984
12690,0.494507
12712,0.511353
12724,0.500427
12755,0.487915
12756,0.459900
12810,0.473938
12822,0.456604
12832,0.488098
12843,0.615173
12912,0.490967
12925,0.490723
12950,0.464355
13103,0.458862
13127,0.459534
13192,0.495789
13197,0.468201
13241,0.473511
13250,0.455078
13293,0.458191
13297,0.506653
13369,0.463318
13371,0.502747
13400,0.484985
13459,0.464111
13461,0.563782
13512,0.468323
13523,0.453796
13534,0.491272
13553,0.522827
13560,0.538818
13581,0.459656
13583,0.544312
13618,0.472290
13623,0.456360
13643,0.462280
13690,0.460510
13716,0.578735
13749,0.482117
13797,0.453674
13873,0.456238
13903,0.567993
13919,0.598816
13920,0.465149
13969,0.532410
13974,0.515747
13999,0.525269
14008,0.589355
14042,0.500916
14121,0.479553
14147,0.543274
14151,0.469360
14164,0.590210
14167,0.498291
14191,0.567871
14212,0.487671
14214,0.479736
14245,0.471558
14358,0.470642
14383,0.454529
14388,0.453918
14440,0.481628
14471,0.540710
14476,0.456604
14558,0.458862
14690,0.500793
14693,0.459839
14713,0.497070
14764,0.555908
14774,0.469604
14849,0.457275
14862,0.488708
14893,0.456543
14901,0.482483
14920,0.457458
14982,0.489014
14989,0.479858
15014,0.514954
15066,0.534607
15122,0.528137
15146,0.465088
15149,0.482788
15203,0.478699
15253,0.493774
15298,0.555420
15303,0.499634
15317,0.467896
15394,0.472778
15397,0.479553
15399,0.622375
15415,0.477112
15427,0.563354
15452,0.460510
15456,0.489014
15487,0.477539
15500,0.486816
15568,0.453552
15571,0.540405
15582,0.492188
15592,0.478027
15631,0.491333
15740,0.460266
15747,0.535095
15782,0.472473
15865,0.456604
15880,0.520813
15911,0.523865
15923,0.590149
15974,0.491821
15975,0.467529
15981,0.483337
16000,0.601624
16005,0.491272
16088,0.504761
16118,0.499084
16184,0.473572
16191,0.479797
16199,0.550598
16219,0.585205
16232,0.513000
16233,0.467712
16236,0.488281
16354,0.459229
16465,0.467102
16531,0.459290
16534,0.453918
16537,0.479370
16543,0.456238
16545,0.453674
16555,0.453613
16577,0.488831
16579,0.571472
16619,0.495239
16628,0.503723
16630,0.453796
16664,0.471130
16703,0.458252
16708,0.453613
16711,0.560791
16744,0.459167
16755,0.516235
16778,0.483704
16797,0.457947
16827,0.455322
16847,0.475891
16848,0.455627
16900,0.524475
16921,0.456787
16923,0.482788
16942,0.461853
16959,0.468140
16975,0.470581
16980,0.457458
17049,0.453552
17066,0.541809
17113,0.490601
17125,0.555786
17127,0.478027
17174,0.488892
17204,0.479492
17207,0.456299
17215,0.522827
17218,0.479980
17223,0.468994
17254,0.475525
17263,0.502991
17264,0.467224
17312,0.478943
17314,0.482056
17322,0.482544
17344,0.478333
17346,0.457031
17373,0.467773
17405,0.460266
17469,0.472473
17542,0.470215
17573,0.461243
17615,0.456299
17619,0.473083
17625,0.496704
17626,0.567139
17630,0.476624
17667,0.458374
17675,0.512451
17703,0.460327
17713,0.543762
17738,0.519836
17746,0.474060
17754,0.457825
17757,0.488464
17781,0.458923
17814,0.481934
17824,0.458252
17834,0.456177
17890,0.640198
17959,0.528625
18056,0.479980
18080,0.482056
18088,0.453674
18089,0.504761
18107,0.467773
18108,0.587219
18191,0.523926
18249,0.494446
18259,0.479431
18291,0.468628
18328,0.503235
18340,0.511414
18359,0.591553
18370,0.511353
18396,0.456238
18439,0.490845
18443,0.552002
18454,0.482605
18463,0.454712
18467,0.472534
18595,0.471558
18603,0.529175
18607,0.468140
18615,0.561707
18626,0.477295
18651,0.477173
18667,0.457764
18668,0.520020
18755,0.460266
18765,0.456970
18792,0.576538
18804,0.464478
18806,0.573181
18844,0.493835
18845,0.582825
18874,0.525940
18878,0.480530
18886,0.488281
18951,0.505615
19010,0.481812
19107,0.469604
19108,0.455750
19219,0.484314
19236,0.518677
19243,0.530396
19254,0.490845
19256,0.456665
19265,0.544006
19298,0.510925
19311,0.471252
19403,0.455322
19428,0.482971
19453,0.513855
19466,0.456726
19487,0.453552
19547,0.488403
19550,0.506836
19667,0.506409
19690,0.544495
19770,0.455566
19771,0.506104
19776,0.459106
19790,0.468689
19844,0.497620
19846,0.505737
19848,0.459229
19874,0.506592
19911,0.527649
19960,0.475891
19975,0.594482
19992,0.497803
20037,0.479858
20052,0.479431
20071,0.456299
20105,0.468811
20141,0.560852
20152,0.537109
20196,0.459351
20234,0.454041
20373,0.490723
20442,0.478210
20472,0.456177
20499,0.481201
20585,0.513977
20636,0.570923
20654,0.518921
20673,0.485413
20692,0.459167
20711,0.564575
20740,0.465454
20757,0.546875
20787,0.479126
20838,0.565125
20878,0.461670
20883,0.504639
20890,0.503723
20943,0.517639
21160,0.535217
21191,0.482361
21251,0.472656
21262,0.479797
21343,0.526611
21360,0.455261
21363,0.578125
21420,0.461609
21502,0.459412
21548,0.459045
21559,0.491760
21638,0.489685
21787,0.468262
21829,0.461975
21846,0.457886
21867,0.479797
21896,0.504944
21933,0.475952
21959,0.489746
21975,0.461548
22075,0.490723
22122,0.551270
22126,0.489441
22175,0.483154
22269,0.456360
22281,0.462097
22285,0.484619
22296,0.494934
22311,0.513000
22378,0.592896
22383,0.548096
22415,0.586548
22488,0.535461
22498,0.487671
22512,0.556763
22513,0.479492
22514,0.463684
22525,0.479614
22546,0.466736
22584,0.454956
22613,0.453552
22637,0.488647
22663,0.454529
22666,0.480896
22684,0.484802
22722,0.542908
22735,0.530273
22738,0.453796
22778,0.465149
22811,0.504028
22831,0.480103
22837,0.561646
22864,0.523865
22908,0.564087
22926,0.531250
22936,0.456177
22976,0.530518
23001,0.454102
23010,0.494446
23014,0.459290
23026,0.503296
23068,0.575867
23088,0.458069
23100,0.586609
23176,0.608582
23185,0.473633
23212,0.477295
23214,0.474854
23232,0.479309
23242,0.505066
23262,0.467773
23282,0.467834
23292,0.459412
23368,0.494324
23385,0.459595
23391,0.465332
23469,0.469055
23472,0.457764
23474,0.470459
23592,0.478760
23634,0.556335
23636,0.456482
23677,0.455505
23724,0.503174
23730,0.481201
23754,0.504761
23778,0.586792
23864,0.476929
23872,0.493652
23916,0.480591
23938,0.453735
23945,0.468018
23947,0.525574
23959,0.459656
23986,0.460632
24084,0.492737
24115,0.475891
24119,0.524658
24122,0.552734
24149,0.456421
24164,0.468933
24167,0.456848
24206,0.469116
24214,0.498230
24234,0.471375
24273,0.455200
24292,0.479370
24307,0.479736
24340,0.453552
24356,0.534668
24366,0.499023
24372,0.454163
24377,0.734497
24401,0.506653
24424,0.468506
24439,0.503601
24479,0.477478
24510,0.457947
24515,0.456055
24531,0.492432
24547,0.523865
24564,0.527161
24591,0.508606
24604,0.487915
24676,0.460327
24705,0.456726
24737,0.554626
24762,0.456665
24769,0.576843
24782,0.482727
24828,0.453674
24832,0.479492
24840,0.456299
24849,0.469421
24892,0.605652
24955,0.453979
24986,0.482056
25002,0.497009
25055,0.480957
25137,0.506653
25185,0.480774
25205,0.482727
25207,0.453613
25225,0.485901
25230,0.511719
25247,0.747803
25290,0.540894
25328,0.496521
25382,0.567078
25404,0.456604
25544,0.460693
25558,0.456360
25564,0.604797
25582,0.479980
25601,0.522583
25610,0.569092
25647,0.468506
25649,0.607666
25667,0.514465
25711,0.518188
25736,0.524231
25747,0.459045
25817,0.528381
25941,0.618042
25953,0.476624
25965,0.466858
25966,0.590515
25983,0.484131
26002,0.456421
26004,0.614014
26110,0.454346
26115,0.536865
26180,0.460266
26185,0.453552
26220,0.482056
26228,0.476746
26235,0.456482
26250,0.493591
26262,0.457397
26269,0.505066
26337,0.472595
26339,0.540833
26355,0.491821
26394,0.506348
26456,0.476624
26499,0.469116
26502,0.544250
26567,0.528748
26601,0.453491
26602,0.545349
26637,0.473511
26681,0.482788
26709,0.520569
26760,0.456604
26762,0.460571
26793,0.458923
26811,0.575928
26849,0.456299
26851,0.510925
26858,0.488159
26879,0.462219
26884,0.474731
26920,0.567078
26957,0.504822
26967,0.496521
26968,0.599487
27000,0.465149
27009,0.479248
27045,0.465088
27056,0.470520
27076,0.484192
27095,0.459351
27100,0.538208
27125,0.459167
27137,0.539124
27145,0.458557
27148,0.459534
27153,0.465088
27156,0.472595
27161,0.554321
27200,0.458191
27224,0.476562
27229,0.475037
27303,0.485657
27316,0.491577
27317,0.456665
27324,0.555969
27351,0.495361
27361,0.479248
27408,0.459717
27483,0.461487
27511,0.553162
27538,0.459412
27541,0.505493
27575,0.492310
27608,0.552856
27698,0.457153
27718,0.504272
27723,0.504700
27738,0.516357
27740,0.536377
27752,0.453552
27760,0.537598
27792,0.539490
27822,0.487671
27825,0.477844
27874,0.455383
27882,0.501831
27890,0.458557
27983,0.453552
27987,0.501099
27990,0.453491
28010,0.456970
28025,0.504883
28036,0.521973
28079,0.490845
28120,0.481323
28140,0.479431
28205,0.480408
28249,0.470764
28259,0.566650
28307,0.453613
28316,0.592773
28357,0.467834
28369,0.456665
28418,0.505188
28427,0.505188
28547,0.465759
28569,0.454285
28574,0.520142
28622,0.467834
28723,0.512085
28727,0.557983
28733,0.467773
28741,0.525391
28788,0.541687
28949,0.454163
28972,0.476135
28994,0.576660
29012,0.472229
29027,0.558594
29031,0.453674
29034,0.459473
29045,0.593750
29075,0.458191
29098,0.458740
29123,0.513611
29249,0.455505
29266,0.492249
29267,0.492371
29279,0.543396
29364,0.501892
29372,0.471558
29380,0.507996
29390,0.456482
29392,0.527466
29402,0.460083
29424,0.603088
29451,0.556030
29489,0.515930
29493,0.527954
29495,0.503418
29576,0.489502
29581,0.488892
29592,0.490295
29597,0.459473
29627,0.563843
29630,0.460022
29683,0.458008
29686,0.565491
29697,0.488831
29800,0.504456
29834,0.536133
29866,0.504333
29876,0.479736
29902,0.492859
29908,0.455444
29917,0.467957
29960,0.455017
29961,0.486450
29968,0.559326
30039,0.479675
30115,0.479980
30117,0.470642
30164,0.482910
30205,0.467896
30215,0.483337
30225,0.509277
30235,0.465454
30265,0.546936
30270,0.519470
30277,0.458191
30296,0.456726
30307,0.470642
30377,0.530945
30473,0.539062
30541,0.535828
30555,0.470459
30591,0.510986
30592,0.622925
30610,0.611633
30679,0.574463
30707,0.459167
30713,0.499695
30730,0.574280
30780,0.554688
30850,0.490173
30872,0.485962
30876,0.599182
30897,0.504700
30911,0.506409
30954,0.455505
30977,0.464050
30978,0.535522
30986,0.489807
30988,0.483887
31053,0.581360
31066,0.456787
31089,0.458984
31136,0.575256
31167,0.480530
31200,0.473389
31203,0.585205
31236,0.497009
31252,0.457581
31287,0.504456
31311,0.455750
31344,0.479431
31345,0.454102
31351,0.483765
31416,0.477722
31431,0.456604
31459,0.476624
31485,0.516663
31516,0.490479
31519,0.455322
31535,0.479187
31554,0.472595
31566,0.454285
31582,0.514160
31605,0.501587
31620,0.502563
31622,0.506775
31643,0.494995
31647,0.478882
31649,0.544922
31712,0.459229
31721,0.471130
31747,0.453735
31912,0.454956
31934,0.453796
31962,0.559387
31983,0.506775
31984,0.530029
32016,0.757996
32038,0.492859
32076,0.531067
32079,0.472534
32083,0.459106
32196,0.512451
32201,0.459412
32204,0.465149
32207,0.594666
32249,0.530273
32320,0.478516
32347,0.462219
32360,0.501831
32375,0.459473
32428,0.487732
32482,0.487671
32499,0.580627
32537,0.488647
32574,0.540833
32583,0.521423
32607,0.456421
32614,0.523865
32662,0.485413
32667,0.459595
32735,0.523865
32771,0.579041
32772,0.541382
32801,0.478271
32802,0.460632
32825,0.484375
32844,0.456604
32845,0.479614
32853,0.482666
32871,0.457458
32884,0.467896
32903,0.477234
32936,0.516235
32940,0.468384
32968,0.470642
33096,0.453613
33106,0.483765
33126,0.460815
33143,0.544067
33166,0.504761
33186,0.474854
33195,0.459656
33237,0.471985
33265,0.467896
33297,0.515015
33365,0.493042
33390,0.454407
33419,0.564758
33447,0.470825
33464,0.479553
33488,0.483826
33493,0.510071
33494,0.455750
33507,0.464722
33546,0.491272
33576,0.520386
33591,0.491150
33640,0.453857
33669,0.502502
33682,0.459412
33732,0.490845
33739,0.495361
33743,0.454224
33845,0.456482
33907,0.490051
33912,0.470764
33938,0.516724
33947,0.474182
33949,0.555298
33968,0.494385
34002,0.466553
34141,0.459534
34161,0.478821
34185,0.549438
34195,0.493774
34267,0.521790
34283,0.456543
34296,0.588806
34331,0.471069
34381,0.534424
34455,0.459839
34477,0.479858
34491,0.488342
34493,0.459534
34517,0.456238
34519,0.504944
34523,0.460022
34529,0.516541
34530,0.584839
34534,0.609192
34546,0.467773
34550,0.540405
34575,0.570740
34596,0.504761
34618,0.470703
34691,0.473633
34704,0.550171
34721,0.454773
34857,0.458923
34862,0.518738
34870,0.623352
34907,0.453491
34918,0.464966
34975,0.484192
35002,0.459106
35028,0.453674
35060,0.529907
35089,0.456726
35090,0.492432
35095,0.456421
35302,0.464966
35330,0.453552
35380,0.461548
35384,0.668335
35393,0.592529
35396,0.551880
35414,0.502075
35501,0.457153
35545,0.539856
35561,0.453796
35603,0.539734
35612,0.468079
35646,0.457764
35657,0.465820
35661,0.455200
35686,0.453491
35709,0.458984
35731,0.467773
35743,0.496033
35744,0.523315
35754,0.578247
35789,0.467896
35808,0.455261
35829,0.512451
35938,0.494507
35945,0.464600
35992,0.459229
36087,0.457703
36101,0.510315
36107,0.479492
36124,0.533875
36185,0.495483
36210,0.488281
36223,0.455383
36295,0.574463
36299,0.578857
36301,0.539185
36329,0.507996
36348,0.506714
36358,0.667236
36371,0.555908
36372,0.521301
36418,0.468140
36419,0.470886
36434,0.464905
36451,0.520691
36460,0.523621
36540,0.467773
36633,0.477295
36640,0.453613
36669,0.472717
36687,0.564087
36694,0.465759
36700,0.504761
36721,0.525513
36739,0.453613
36748,0.531982
36772,0.479980
36776,0.482971
36791,0.488586
36805,0.586487
36889,0.545105
36916,0.562500
36947,0.459778
36961,0.562134
36987,0.456482
37132,0.758057
37134,0.459595
37177,0.476868
37185,0.530029
37226,0.453613
37233,0.458984
37335,0.504333
37348,0.582703
37364,0.519653
37370,0.479675
37380,0.470642
37403,0.584839
37410,0.469666
37429,0.456360
37465,0.500854
37477,0.466858
37484,0.465454
37511,0.455627
37515,0.558289
37516,0.471436
37589,0.454102
37608,0.483459
37632,0.456665
37682,0.505737
37736,0.547729
37812,0.519470
37829,0.537048
37907,0.455627
37917,0.470703
37927,0.491577
37937,0.540039
37972,0.480835
37995,0.612427
38036,0.460571
38038,0.494507
38040,0.558044
38047,0.480347
38092,0.478210
38109,0.586121
38110,0.545776
38171,0.526978
38175,0.524536
38181,0.456848
38182,0.456299
38201,0.514038
38226,0.514282
38235,0.459229
38281,0.494324
38295,0.453491
38308,0.493164
38332,0.457397
38342,0.506226
38356,0.460022
38398,0.506287
38406,0.506775
38453,0.473572
38462,0.526123
38498,0.475037
38561,0.471497
38573,0.560425
38603,0.495239
38682,0.457214
38690,0.507080
38703,0.455322
38704,0.496094
38735,0.479858
38740,0.512268
38744,0.455261
38756,0.487610
38777,0.541748
38785,0.531189
38792,0.454590
38798,0.584473
38802,0.454102
38804,0.482788
38809,0.493774
38827,0.478210
38844,0.555664
38849,0.482239
38879,0.455078
38895,0.504944
38935,0.542480
38963,0.466675
38968,0.465393
38970,0.578796
38978,0.453613
39012,0.511475
39028,0.456299
39039,0.463745
39075,0.477844
39077,0.453613
39226,0.469116
39249,0.554443
39252,0.552368
39330,0.492004
39351,0.504822
39369,0.551636
39402,0.471619
39484,0.547913
39513,0.534546
39524,0.535156
39534,0.458313
39581,0.515747
39663,0.509521
39748,0.514221
39782,0.481140
39795,0.490967
39841,0.489868
39853,0.509705
39882,0.495728
39896,0.527771
39942,0.457214
39950,0.470520
39962,0.480835
39964,0.461487
39973,0.453857
39997,0.506775
40002,0.489441
40016,0.516663
40034,0.471436
40042,0.493591
40057,0.511047
40109,0.521545
40127,0.492126
40159,0.511169
40220,0.523743
40260,0.463013
40327,0.498352
40358,0.543884
40403,0.499878
40422,0.594360
40432,0.477417
40436,0.626831
40480,0.504700
40498,0.540771
40506,0.453674
40525,0.502441
40552,0.517212
40573,0.496582
40588,0.524658
40598,0.479492
40603,0.516113
40621,0.456299
40694,0.456482
40707,0.480713
40725,0.477051
40733,0.490417
40740,0.484802
40763,0.455139
40766,0.453857
40794,0.590149
40843,0.454590
40890,0.591797
40891,0.619873
40943,0.471069
41017,0.481934
41043,0.456665
41045,0.563782
41061,0.540955
41075,0.486816
41101,0.521423
41144,0.565002
41145,0.478577
41187,0.599243
41196,0.454224
41212,0.453552
41230,0.471558
41260,0.498901
41282,0.507874
41332,0.464111
41384,0.591919
41404,0.459045
41465,0.531067
41482,0.542480
41493,0.453552
41526,0.517944
41536,0.481018
41546,0.530884
41564,0.489624
41592,0.510620
41612,0.476746
41618,0.457092
41620,0.581909
41629,0.498474
41668,0.456482
41713,0.493591
41739,0.623474
41775,0.470764
41800,0.474854
41902,0.493774
41918,0.531555
41942,0.467957
41945,0.503662
41956,0.457336
41996,0.588501
42011,0.456299
42042,0.523743
42122,0.529663
42174,0.458984
42188,0.487671
42208,0.485596
42221,0.504211
42230,0.454224
42250,0.454041
42259,0.520325
42283,0.483948
42323,0.506226
42354,0.518738
42417,0.551819
42464,0.510071
42471,0.494751
42476,0.511841
42486,0.462402
42527,0.528809
42559,0.460876
42560,0.510986
42576,0.498352
42628,0.459412
42640,0.483398
42650,0.509033
42655,0.551270
42674,0.490784
42676,0.476990
42683,0.481934
42693,0.479065
42776,0.516541
42790,0.477539
42798,0.459778
42829,0.567322
42833,0.490051
42854,0.455383
42861,0.612000
42865,0.456299
42886,0.486328
42905,0.465088
42907,0.459106
42916,0.461792
42919,0.477234
42948,0.536438
42953,0.468323
42992,0.499390
42999,0.457642
43007,0.492188
43014,0.480042
43033,0.494324
43074,0.476318
43105,0.456299
43109,0.495972
43117,0.456543
43135,0.470520
43147,0.470825
43176,0.527222
43312,0.487854
43352,0.517456
43354,0.504700
43377,0.487671
43414,0.460449
43424,0.457520
43438,0.488770
43472,0.535339
43506,0.456482
43527,0.555176
43537,0.456360
43561,0.506592
43563,0.482422
43567,0.492615
43678,0.492615
43704,0.570862
43733,0.580872
43753,0.495605
43774,0.476562
43802,0.453613
43886,0.555908
43892,0.477478
43974,0.459045
43985,0.470764
44014,0.549927
44018,0.453552
44033,0.470337
44048,0.456299
44103,0.454285
44146,0.516602
44162,0.485291
44188,0.468262
44196,0.453552
44217,0.567322
44221,0.500610
44270,0.497009
44274,0.471741
44307,0.494263
44345,0.457397
44445,0.455322
44448,0.518188
44455,0.480896
44461,0.492859
44480,0.470276
44491,0.518982
44524,0.456421
44595,0.464600
44680,0.459717
44711,0.545044
44740,0.538879
44768,0.470581
44837,0.553467
44894,0.483887
44913,0.565369
44921,0.459595
44955,0.501587
45062,0.456604
45089,0.571777
45115,0.516418
45137,0.482910
45222,0.500916
45260,0.496277
45314,0.471680
45341,0.569214
45361,0.456177
45383,0.488037
45384,0.589172
45397,0.471069
45430,0.536926
45444,0.631897
45455,0.459473
45499,0.470520
45525,0.535034
45596,0.488464
45604,0.568054
45606,0.477478
45641,0.634460
45660,0.456970
45686,0.542542
45690,0.504822
45712,0.533752
45746,0.532104
45752,0.456482
45769,0.523987
45774,0.502502
45786,0.495605
45792,0.540527
45794,0.482544
45816,0.464233
45847,0.456238
45860,0.487732
45892,0.534668
45911,0.492737
45914,0.503174
45923,0.559692
45934,0.459045
45936,0.499390
45940,0.567871
45967,0.501221
45979,0.460693
45996,0.503479
46069,0.527466
46082,0.591675
46184,0.505127
46192,0.455261
46210,0.487915
46228,0.489075
46275,0.461975
46286,0.490845
46292,0.529968
46293,0.506775
46320,0.554077
46337,0.553955
46339,0.495789
46365,0.522156
46484,0.473633
46492,0.546814
46563,0.529785
46582,0.480103
46589,0.454285
46636,0.453918
46683,0.611877
46712,0.550720
46791,0.518188
46827,0.505371
46842,0.470154
46859,0.457214
46890,0.482178
46920,0.527832
46943,0.455627
46951,0.457275
46958,0.483521
46960,0.578796
46974,0.471252
46993,0.558472
47068,0.456482
47074,0.479980
47085,0.504944
47148,0.466675
47172,0.516907
47189,0.460632
47204,0.579163
47220,0.580750
47276,0.458679
47283,0.497009
47289,0.467041
47297,0.521179
47334,0.540161
47340,0.551941
47395,0.454285
47413,0.572205
47422,0.456970
47442,0.478699
47445,0.538391
47447,0.458374
47461,0.527710
47484,0.506531
47492,0.457153
47516,0.470947
47552,0.521851
47582,0.459045
47585,0.513794
47606,0.456421
47619,0.460693
47628,0.488831
47684,0.458740
47690,0.491394
47693,0.482605
47695,0.477966
47774,0.456787
47812,0.506775
47829,0.506775
47891,0.480103
47906,0.499634
47915,0.457520
47922,0.458130
47927,0.453491
47942,0.473267
47973,0.514648
48019,0.543884
48052,0.470459
48072,0.505005
48133,0.554077
48141,0.456299
48154,0.479614
48167,0.479309
48170,0.455139
48252,0.540833
48271,0.747803
48282,0.468445
48328,0.468262
48330,0.494629
48337,0.496033
48372,0.623291
48373,0.467102
48409,0.483337
48422,0.529053
48423,0.543884
48433,0.455261
48454,0.457092
48471,0.491455
48484,0.488098
48488,0.501221
48530,0.465820
48599,0.539734
48624,0.504883
48627,0.459656
48717,0.490112
48754,0.479797
48764,0.513000
48771,0.489136
48782,0.478699
48799,0.454773
48825,0.453613
48897,0.485779
48951,0.587830
49024,0.484802
49029,0.493774
49073,0.479370
49087,0.482178
49130,0.457031
49136,0.462524
49183,0.534424
49243,0.574951
49255,0.468567
49261,0.471924
49264,0.457703
49298,0.456421
49348,0.523865
49426,0.453735
49466,0.506958
49468,0.487854
49544,0.470459
49570,0.484802
49755,0.483215
49783,0.461914
49796,0.465149
49802,0.530579
49826,0.479980
49877,0.470703
49879,0.487671
49884,0.478882
49956,0.483398
49978,0.493408
50009,0.453491
50088,0.506897
50090,0.518616
50093,0.509583
50095,0.542419
50105,0.459473
50131,0.461365
50161,0.501099
50175,0.456543
50188,0.459534
50234,0.531372
50239,0.506836
50248,0.461609
50260,0.454407
50264,0.537109
50270,0.456482
50297,0.481445
50327,0.505310
50405,0.459106
50421,0.454102
50512,0.622803
50525,0.500671
50563,0.509460
50590,0.461304
50607,0.519958
50609,0.540955
50626,0.460449
50647,0.514465
50680,0.461792
50688,0.467896
50698,0.455383
50727,0.504700
50796,0.519531
50852,0.485046
50859,0.505066
50911,0.518677
50926,0.505981
50927,0.465881
50937,0.552612
50979,0.500000
51019,0.482422
51030,0.489197
51111,0.595764
51162,0.471252
51168,0.453674
51172,0.522278
51236,0.483582
51298,0.491028
51312,0.491333
51352,0.473145
51440,0.489441
51447,0.505615
51451,0.467773
51494,0.477478
51518,0.538879
51524,0.453674
51529,0.477661
51584,0.490662
51592,0.476990
51660,0.494751
51668,0.510681
51670,0.499573
51678,0.457642
51690,0.472107
51698,0.502563
51707,0.515259
51710,0.501892
51748,0.596802
51751,0.459106
51757,0.622131
51874,0.493591
51876,0.465698
51886,0.456421
51916,0.481689
51929,0.592224
51937,0.459106
51940,0.464844
51962,0.524475
51971,0.627014
51998,0.525696
52001,0.625366
52009,0.456177
52070,0.479858
52079,0.470642
52080,0.454590
52131,0.453674
52141,0.458801
52148,0.469421
52151,0.487793
52207,0.475220
52208,0.543823
52230,0.453735
52264,0.468506
52295,0.503052
52328,0.455811
52349,0.493591
52388,0.465393
52402,0.514221
52406,0.453491
52498,0.453796
52537,0.546448
52540,0.463989
52541,0.457336
52549,0.453918
52575,0.460144
52593,0.487427
52721,0.457642
52730,0.479431
52743,0.522034
52806,0.517212
52809,0.533325
52840,0.533630
52876,0.460266
52913,0.487061
52942,0.471436
52953,0.480774
52957,0.456787
52968,0.504883
53040,0.483337
53120,0.634827
53138,0.563843
53153,0.499268
53197,0.480408
53272,0.453613
53282,0.547852
53295,0.506836
53296,0.484985
53307,0.458069
53308,0.478516
53355,0.590942
53455,0.507629
53460,0.453674
53553,0.477173
53554,0.531189
53563,0.505798
53569,0.562439
53597,0.468445
53607,0.469421
53747,0.514771
53877,0.471375
53888,0.504333
53918,0.474731
53921,0.461548
53934,0.481262
53943,0.453552
53973,0.555908
53976,0.455627
53981,0.486938
53988,0.494324
54009,0.502625
54029,0.465454
54132,0.552307
54163,0.492676
54202,0.482178
54244,0.484802
54268,0.457825
54309,0.492981
54382,0.459412
54405,0.472534
54407,0.476562
54487,0.454163
54504,0.479492
54522,0.472534
54543,0.582397
54616,0.454590
54639,0.477783
54677,0.456604
54693,0.479553
54752,0.456360
54911,0.573792
54917,0.507019
54937,0.454102
54938,0.457275
54946,0.583435
54967,0.457275
54970,0.480042
54973,0.460449
54979,0.508240
54993,0.492249
55013,0.492432
55054,0.471069
55064,0.481079
55095,0.487732
55109,0.476501
55133,0.469910
55268,0.535156
55326,0.456604
55337,0.458740
55344,0.598145
55369,0.522766
55386,0.454285
55405,0.459534
55408,0.489197
55409,0.476501
55425,0.465698
55436,0.456238
55481,0.476929
55533,0.527588
55554,0.593262
55605,0.567688
55610,0.492310
55614,0.456848
55629,0.545837
55682,0.453735
55718,0.480042
55726,0.515381
55741,0.481750
55752,0.505310
55760,0.459106
55783,0.459412
55785,0.477112
55850,0.493591
55877,0.580994
55911,0.453552
55967,0.458374
55968,0.468384
55970,0.471436
56078,0.459351
56080,0.474854
56120,0.511108
56144,0.502319
56152,0.539856
56153,0.477600
56160,0.463318
56185,0.569397
56200,0.631714
56243,0.540405
56251,0.453735
56294,0.491028
56322,0.454895
56379,0.461304
56389,0.525330
56400,0.552734
56410,0.456543
56411,0.468079
56421,0.526978
56464,0.512512
56471,0.482239
56484,0.465515
56515,0.541870
56548,0.463318
56556,0.540649
56583,0.481140
56585,0.471497
56635,0.538147
56644,0.457458
56646,0.453796
56696,0.473755
56713,0.458191
56717,0.465515
56737,0.499634
56747,0.483154
56765,0.491028
56809,0.514465
56826,0.506775
56837,0.590088
56858,0.458557
56864,0.541016
56900,0.555298
56907,0.508240
56934,0.459412
56945,0.471130
56960,0.541443
57062,0.471008
57122,0.456970
57143,0.472290
57171,0.457153
57204,0.482788
57235,0.529907
57290,0.526184
57315,0.487732
57337,0.593811
57403,0.466248
57404,0.523071
57431,0.457520
57435,0.456360
57606,0.497192
57649,0.469055
57702,0.453430
57746,0.482056
57773,0.466492
57787,0.458496
57798,0.457336
57807,0.490906
57827,0.458374
57845,0.453552
57868,0.456238
57869,0.529663
57895,0.470886
57925,0.457886
57970,0.507202
58018,0.458557
58070,0.514893
58098,0.587646
58107,0.532104
58145,0.456238
58152,0.479431
58203,0.530701
58231,0.471497
58252,0.535583
58311,0.453491
58315,0.459167
58333,0.476685
58346,0.460327
58398,0.472717
58433,0.547302
58469,0.459473
58478,0.468323
58480,0.455688
58509,0.480957
58538,0.509888
58546,0.480103
58567,0.496277
58627,0.529785
58635,0.469604
58667,0.459839
58710,0.465820
58716,0.618103
58726,0.459534
58727,0.459412
58733,0.454163
58746,0.519897
58772,0.478333
58789,0.528137
58794,0.559143
58817,0.515320
58833,0.454346
58836,0.582520
58837,0.476501
58844,0.539673
58882,0.457886
58932,0.456909
58956,0.477051
58999,0.483032
59014,0.463989
59017,0.465393
59063,0.458618
59075,0.522461
59122,0.511902
59145,0.480164
59159,0.503479
59168,0.515747
59169,0.502991
59197,0.454590
59244,0.473816
59253,0.454834
59327,0.474670
59343,0.456238
59346,0.482361
59350,0.473389
59355,0.494263
59386,0.555786
59412,0.522339
59418,0.483215
59476,0.551392
59654,0.453796
59714,0.491943
59738,0.578247
59805,0.546875
59811,0.492676
59888,0.512451
59913,0.489746
59946,0.494751
59950,0.468811
59959,0.515015
59966,0.504944
59974,0.455688
60005,0.515991
60019,0.543884
60031,0.536621
60062,0.558350
60071,0.460022
60202,0.459045
60203,0.482117
60213,0.528748
60218,0.475220
60239,0.566772
60240,0.483582
60243,0.456360
60303,0.465393
60351,0.511353
60357,0.515747
60363,0.470581
60450,0.465332
60505,0.504822
60531,0.454651
60535,0.640808
60536,0.528198
60538,0.458862
60555,0.540527
60568,0.548950
60589,0.517395
60595,0.461182
60598,0.459473
60642,0.470886
60693,0.473267
60697,0.470398
60700,0.477539
60762,0.509583
60775,0.512695
60910,0.546082
60967,0.491028
61125,0.465210
61146,0.521179
61165,0.500916
61213,0.509460
61233,0.455444
61266,0.482117
61302,0.547180
61332,0.483704
61387,0.466248
61400,0.506714
61419,0.465637
61492,0.467773
61495,0.521179
61502,0.482056
61515,0.490784
61520,0.456177
61543,0.457031
61545,0.458374
61586,0.479309
61604,0.597107
61624,0.539124
61685,0.461853
61707,0.488220
61710,0.582947
61723,0.474304
61733,0.570618
61738,0.471069
61767,0.480042
61773,0.484070
61796,0.453674
61819,0.528992
61867,0.463623
61894,0.555908
61906,0.504211
61910,0.531250
61911,0.478455
61923,0.453979
61929,0.473389
61938,0.488831
61942,0.575989
61968,0.467957
61969,0.480530
62001,0.515015
62063,0.524048
62067,0.455627
62108,0.483826
62122,0.472412
62125,0.590271
62173,0.456665
62186,0.492188
62205,0.504761
62208,0.545349
62290,0.465149
62300,0.455566
62372,0.460022
62373,0.514038
62394,0.453613
62440,0.456299
62441,0.476807
62464,0.453796
62479,0.470886
62484,0.499817
62493,0.470398
62529,0.552002
62554,0.458984
62580,0.457092
62582,0.482178
62668,0.470520
62679,0.477417
62687,0.493652
62760,0.479309
62763,0.515625
62775,0.478577
62821,0.516541
62880,0.479126
62944,0.454834
62956,0.482666
62957,0.499268
62961,0.474792
62996,0.480469
63022,0.478577
63080,0.455505
63130,0.453979
63139,0.483765
63151,0.563538
63199,0.471802
63236,0.453918
63241,0.457214
63265,0.457947
63271,0.479675
63292,0.489380
63343,0.456482
63354,0.472534
63360,0.514099
63407,0.526978
63438,0.480896
63439,0.547852
63451,0.582153
63456,0.456360
63479,0.490479
63551,0.602539
63561,0.460083
63586,0.477478
63589,0.529968
63599,0.459106
63617,0.482361
63645,0.586853
63704,0.467590
63775,0.573914
63801,0.490356
63892,0.458557
63916,0.536926
63928,0.456360
64016,0.471436
64027,0.465698
64034,0.498230
64067,0.456421
64129,0.482849
64184,0.473267
64200,0.515015
64236,0.478638
64275,0.472107
64288,0.505310
64343,0.633240
64345,0.483154
64481,0.518311
64513,0.475647
64514,0.543091
64527,0.524841
64622,0.465027
64687,0.529480
64742,0.460205
64778,0.460693
64795,0.457397
64841,0.473511
64847,0.456787
64873,0.511292
64914,0.453552
64930,0.534424
65148,0.560181
65189,0.557739
65205,0.486938
65208,0.587769
65256,0.516357
65288,0.515015
65315,0.456238
65317,0.492065
65335,0.533691
65368,0.455322
65395,0.497498
65405,0.453491
65503,0.470947
65537,0.512817
65538,0.552795
65550,0.505432
65598,0.468140
65622,0.534668
65660,0.478210
65661,0.456299
65698,0.546936
65888,0.506653
65890,0.491150
65930,0.453674
65936,0.477966
65979,0.458984
65984,0.561096
66029,0.476746
66088,0.478760
66089,0.482056
66141,0.563904
66163,0.479248
66171,0.468689
66211,0.556213
66217,0.454651
66228,0.459473
66231,0.453674
66242,0.537903
66256,0.487732
66338,0.601379
66344,0.478943
66368,0.514648
66430,0.468994
66436,0.456665
66479,0.523193
66495,0.453857
66523,0.464111
66524,0.528015
66570,0.485168
66577,0.464844
66612,0.456787
66638,0.476074
66649,0.479553
66669,0.464966
66765,0.472107
66766,0.477478
66807,0.454285
66873,0.455505
66876,0.493530
66898,0.521545
66928,0.470825
66933,0.482361
66987,0.489685
66988,0.493896
67066,0.456482
67105,0.537109
67152,0.492371
67156,0.513062
67164,0.453979
67224,0.456482
67269,0.499268
67285,0.456299
67414,0.458923
67423,0.544556
67444,0.545837
67466,0.453735
67470,0.455811
67480,0.465881
67524,0.459045
67537,0.469788
67552,0.615540
67556,0.458069
67611,0.464172
67666,0.458801
67700,0.456177
67715,0.488770
67731,0.457275
67747,0.456238
67774,0.456299
67782,0.465637
67810,0.553711
67880,0.459351
67903,0.507874
67940,0.459290
67948,0.465271
67955,0.479248
67978,0.517334
68003,0.587463
68016,0.565735
68018,0.583679
68026,0.529846
68078,0.489868
68086,0.529663
68126,0.550842
68167,0.459045
68263,0.473877
68286,0.476746
68298,0.472229
68306,0.472839
68309,0.561340
68318,0.494446
68356,0.515076
68434,0.465393
68436,0.459106
68473,0.453491
68494,0.490479
68496,0.492676
68627,0.453735
68698,0.467651
68750,0.473572
68782,0.456604
68803,0.459229
68809,0.461975
68814,0.483704
68837,0.544006
69001,0.456177
69015,0.470886
69071,0.453674
69086,0.494019
69099,0.543640
69117,0.482605
69120,0.459656
69202,0.456177
69233,0.456482
69264,0.469055
69267,0.470337
69300,0.456909
69302,0.472046
69305,0.453491
69338,0.453674
69344,0.500793
69371,0.551147
69384,0.527283
69437,0.479492
69446,0.575867
69477,0.544373
69514,0.483215
69560,0.453674
69570,0.483582
69597,0.453796
69610,0.454102
69646,0.454102
69662,0.521729
69691,0.459534
69712,0.467712
69787,0.460938
69810,0.455200
69811,0.495239
69812,0.465088
69866,0.470581
69870,0.456482
69898,0.503296
69987,0.524658
69993,0.490662
70003,0.575317
70070,0.455933
70083,0.453552
70087,0.494507
70098,0.475281
70106,0.461914
70110,0.540894
70161,0.506409
70195,0.543213
70227,0.487976
70260,0.496399
70286,0.492126
70287,0.483948
70313,0.561584
70334,0.454590
70355,0.504272
70370,0.601685
70383,0.507568
70463,0.471375
70472,0.475647
70488,0.461243
70504,0.503845
70545,0.515442
70559,0.558716
70588,0.456726
70687,0.490234
70695,0.455444
70706,0.456482
70713,0.474182
70719,0.457947
70735,0.570740
70744,0.457153
70788,0.488831
70804,0.535645
70813,0.482788
70837,0.501648
70889,0.453979
70933,0.535461
70978,0.517700
70988,0.487671
70989,0.523254
71014,0.459656
71022,0.471558
71030,0.469849
71032,0.471680
71044,0.494019
71083,0.453613
71135,0.459534
71143,0.453857
71184,0.453430
71199,0.543762
71220,0.456360
71260,0.456726
71282,0.469910
71286,0.494629
71298,0.513062
71342,0.512024
71424,0.510254
71441,0.470398
71443,0.519287
71468,0.553711
71522,0.511047
71559,0.747803
71741,0.470398
71752,0.507080
71755,0.550354
71771,0.575745
71774,0.480225
71782,0.540894
71826,0.460938
71847,0.459534
71848,0.590698
71893,0.467773
71903,0.467163
71943,0.587463
72000,0.496704
72051,0.493469
72052,0.482361
72110,0.511475
72141,0.454224
72144,0.455322
72187,0.477722
72220,0.470764
72235,0.468750
72273,0.520874
72292,0.525818
72314,0.588074
72319,0.477966
72341,0.468140
72359,0.454346
72407,0.483093
72414,0.540771
72419,0.560425
72451,0.501831
72459,0.456604
72497,0.572266
72527,0.557739
72532,0.551819
72550,0.484863
72560,0.562866
72562,0.456665
72590,0.459045
72625,0.465088
72658,0.488708
72743,0.528137
72749,0.467224
72758,0.489441
72795,0.473450
72799,0.502686
72892,0.472229
72907,0.459839
72937,0.491455
72940,0.504883
73030,0.538940
73041,0.489136
73058,0.457703
73130,0.476685
73166,0.461914
73192,0.598572
73236,0.459045
73242,0.575623
73262,0.454529
73286,0.495422
73331,0.535400
73373,0.483765
73399,0.490967
73433,0.457092
73448,0.456177
73552,0.538025
73575,0.539062
73624,0.461792
73647,0.507874
73696,0.515137
73765,0.470520
73775,0.470459
73789,0.460022
73798,0.468140
73952,0.573303
73969,0.524719
73977,0.453735
73978,0.464417
73980,0.479919
74021,0.482605
74047,0.459229
74052,0.466003
74084,0.455444
74110,0.458923
74174,0.458801
74310,0.478699
74389,0.527771
74408,0.477722
74509,0.492981
74512,0.475769
74522,0.455444
74538,0.526978
74543,0.513062
74549,0.529724
74578,0.535400
74584,0.540833
74625,0.483093
74631,0.483154
74646,0.521545
74686,0.590454
74763,0.467957
74773,0.489380
74776,0.470764
74779,0.474365
74841,0.467590
74864,0.548706
74902,0.456421
74926,0.501404
74930,0.465942
74959,0.554016
75079,0.474915
75087,0.456238
75099,0.474976
75111,0.454224
75125,0.511963
75162,0.535828
75189,0.479187
75213,0.512634
75232,0.768188
75242,0.526428
75304,0.487671
75309,0.605103
75322,0.456482
75342,0.479004
75382,0.558289
75426,0.458008
75458,0.456543
75465,0.525269
75497,0.525818
75517,0.515747
75524,0.453674
75533,0.559631
75558,0.582947
75562,0.465149
75577,0.470703
75588,0.468079
75627,0.496582
75665,0.459290
75689,0.453735
75703,0.457581
75718,0.453552
75736,0.468689
75751,0.472290
75785,0.481201
75808,0.484497
75816,0.507385
75908,0.455688
75928,0.492676
75936,0.471313
75948,0.454956
75958,0.515503
75982,0.484375
75997,0.482422
76001,0.479797
76022,0.470764
76027,0.476624
76052,0.459534
76091,0.487915
76109,0.613281
76140,0.491760
76148,0.487793
76160,0.456726
76279,0.499695
76348,0.460022
76474,0.490845
76482,0.491821
76497,0.468262
76506,0.552307
76533,0.570984
76543,0.499023
76551,0.538879
76565,0.460876
76566,0.477722
76745,0.468994
76767,0.457703
76806,0.471069
76819,0.609314
76822,0.503906
76854,0.538269
76855,0.479797
76865,0.468201
76871,0.467896
76879,0.526978
76904,0.453613
76950,0.468750
76978,0.453552
77050,0.456909
77067,0.492004
77102,0.575623
77114,0.478699
77150,0.457275
77168,0.460388
77248,0.503113
77305,0.460571
77320,0.465454
77334,0.488586
77346,0.572144
77389,0.496460
77410,0.527466
77446,0.483521
77452,0.569702
77455,0.455444
77456,0.457520
77461,0.523743
77490,0.453552
77493,0.459229
77529,0.747681
77557,0.473083
77589,0.518860
77598,0.483337
77629,0.688110
77639,0.453552
77643,0.465698
77691,0.601868
77733,0.526001
77752,0.491760
77759,0.528809
77793,0.517639
77858,0.503601
77937,0.459473
77939,0.477722
77998,0.467896
78020,0.479492
78054,0.758118
78074,0.457886
78094,0.484070
78108,0.491089
78127,0.458008
78172,0.482544
78173,0.495728
78186,0.456421
78195,0.528198
78224,0.556763
78239,0.453552
78273,0.488586
78317,0.465271
78336,0.460144
78350,0.508179
78354,0.494934
78419,0.488281
78459,0.580078
78462,0.455078
78471,0.524658
78493,0.478027
78498,0.471985
78549,0.459473
78560,0.479980
78577,0.747803
78592,0.506775
78652,0.476562
78655,0.477600
78664,0.529907
78696,0.468811
78811,0.482239
78867,0.515442
78918,0.483154
78923,0.544983
78947,0.527466
78960,0.497620
79064,0.493408
79087,0.453735
79089,0.526306
79226,0.605591
79278,0.514099
79283,0.459717
79285,0.593689
79294,0.559387
79303,0.570740
79313,0.496521
79348,0.523376
79365,0.460266
79424,0.492615
79442,0.506775
79504,0.505798
79537,0.453796
79600,0.456299
79603,0.528748
79629,0.468018
79672,0.456543
79683,0.503784
79705,0.470398
79710,0.503967
79713,0.468628
79727,0.512451
79744,0.488098
79810,0.571472
79820,0.504944
79824,0.516357
79882,0.468567
79908,0.593567
79938,0.527466
80014,0.530823
80056,0.505798
80069,0.510071
80101,0.457397
80123,0.459351
80152,0.576599
80193,0.503418
80206,0.479797
80218,0.527893
80230,0.454407
80290,0.489746
80329,0.502441
80341,0.458313
80375,0.482727
80416,0.453918
80500,0.456543
80512,0.458923
80525,0.472107
80574,0.524475
80619,0.495667
80636,0.456238
80653,0.453552
80656,0.458984
80657,0.456787
80665,0.471436
80693,0.539124
80722,0.537109
80723,0.513672
80742,0.505127
80764,0.573975
80791,0.456299
80795,0.470032
80820,0.517944
80840,0.479492
80876,0.480408
80980,0.462952
81025,0.476746
81040,0.601318
81058,0.533875
81073,0.496704
81113,0.459167
81115,0.471375
81125,0.457581
81129,0.533875
81137,0.455750
81158,0.500732
81175,0.490906
81186,0.573792
81208,0.456360
81305,0.456360
81320,0.456482
81342,0.468384
81408,0.534912
81423,0.488770
81490,0.521606
81495,0.457275
81501,0.518616
81502,0.461060
81509,0.484375
81523,0.612915
81585,0.494568
81592,0.544373
81700,0.494324
81724,0.461060
81797,0.562073
81798,0.476807
81806,0.550476
81815,0.517639
81816,0.453552
81821,0.490173
81856,0.479431
81875,0.513611
81922,0.516296
81944,0.478210
81948,0.459656
81967,0.479614
81973,0.459473
81974,0.480469
81980,0.504456
81985,0.494324
82002,0.456604
82063,0.469299
82105,0.486206
82131,0.494629
82148,0.465637
82160,0.465210
82162,0.490906
82204,0.521973
82207,0.520508
82258,0.499939
82269,0.479736
82279,0.507324
82288,0.562927
82301,0.482300
82310,0.522705
82387,0.568115
82396,0.467285
82472,0.500366
82521,0.579895
82538,0.485352
82580,0.459045
82608,0.501099
82623,0.477783
82625,0.465393
82636,0.501892
82642,0.529541
82644,0.456543
82653,0.458923
82685,0.454163
82689,0.453735
82757,0.465027
82759,0.485840
82767,0.537476
82771,0.553345
82825,0.454041
82853,0.458008
82854,0.467957
82872,0.465210
82897,0.482605
82951,0.477295
83007,0.459167
83097,0.468384
83110,0.494690
83197,0.503662
83214,0.555847
83238,0.454224
83285,0.493835
83307,0.513000
83327,0.490784
83361,0.468018
83419,0.544006
83424,0.503113
83428,0.482422
83460,0.480103
83474,0.505432
83543,0.459290
83612,0.453491
83624,0.534729
83643,0.460327
83690,0.459778
83705,0.479248
83815,0.507507
83817,0.516113
83839,0.457886
83843,0.546997
83887,0.514893
83898,0.493713
83921,0.468567
83927,0.470520
83956,0.477844
83976,0.454224
84011,0.457458
84084,0.453796
84095,0.489563
84133,0.495239
84212,0.496338
84254,0.501099
84272,0.454224
84290,0.480957
84326,0.533813
84331,0.466431
84349,0.521851
84441,0.493713
84472,0.493713
84609,0.523987
84612,0.456360
84622,0.483032
84655,0.479309
84659,0.532104
84667,0.567383
84672,0.467773
84675,0.457214
84683,0.459290
84747,0.490112
84757,0.472534
84783,0.504944
84808,0.453674
84847,0.453674
84877,0.472717
84909,0.525146
84914,0.488220
84946,0.456299
84953,0.494812
84956,0.468140
84958,0.510986
84971,0.503967
84972,0.522095
84979,0.491760
84986,0.481995
84988,0.523987
85019,0.481689
85060,0.491943
85104,0.511902
85121,0.545105
85164,0.525635
85186,0.550598
85288,0.459717
85295,0.479370
85301,0.540771
85324,0.472107
85340,0.487000
85362,0.471436
85377,0.459412
85398,0.522827
85458,0.495789
85461,0.493652
85499,0.607178
85536,0.457031
85545,0.456238
85553,0.470520
85604,0.482483
85615,0.480835
85628,0.514282
85649,0.467957
85660,0.459595
85662,0.541870
85757,0.493042
85794,0.511963
85819,0.524841
85822,0.472778
85841,0.496582
85962,0.499146
85965,0.483337
86007,0.456909
86033,0.472473
86036,0.540833
86059,0.479126
86063,0.473328
86067,0.459351
86092,0.482666
86123,0.493591
86145,0.453613
86164,0.488403
86287,0.459045
86321,0.546997
86356,0.469971
86357,0.599426
86370,0.569824
86375,0.495422
86405,0.543823
86418,0.488464
86425,0.469666
86447,0.470947
86507,0.479553
86513,0.454224
86522,0.495117
86535,0.454285
86541,0.535889
86601,0.458984
86643,0.460449
86664,0.461670
86693,0.466187
86724,0.479248
86741,0.456299
86749,0.530151
86751,0.455017
86760,0.540894
86793,0.514282
86878,0.469177
86885,0.472046
86921,0.523865
87053,0.515747
87057,0.477356
87068,0.515869
87074,0.590210
87083,0.635437
87116,0.453552
87121,0.506775
87139,0.491028
87144,0.453613
87155,0.535461
87201,0.502930
87245,0.458862
87260,0.458130
87282,0.465027
87283,0.538635
87285,0.504395
87294,0.590210
87351,0.461060
87381,0.558289
87403,0.457458
87436,0.494385
87510,0.473633
87518,0.502869
87552,0.477417
87589,0.503723
87593,0.510315
87627,0.465088
87676,0.477112
87711,0.523865
87750,0.531250
87767,0.458923
87779,0.483154
87784,0.552612
87808,0.454773
87848,0.459412
87855,0.468140
87859,0.502625
87864,0.456421
87878,0.480774
87899,0.518005
87944,0.457703
87952,0.468750
87971,0.511597
87972,0.454102
87980,0.523804
88041,0.502136
88048,0.455566
88107,0.532349
88127,0.577820
88236,0.471436
88241,0.560181
88244,0.520142
88294,0.504700
88309,0.493591
88344,0.474487
88368,0.453430
88464,0.520935
88507,0.466797
88522,0.500977
88533,0.459167
88680,0.481506
88713,0.555420
88734,0.463440
88737,0.537048
88766,0.575623
88784,0.460022
88809,0.479187
88814,0.505737
88819,0.496521
88862,0.487671
88866,0.499573
88903,0.456177
88912,0.478455
88915,0.471802
88916,0.479858
88936,0.467773
88943,0.455078
89019,0.468262
89020,0.479492
89022,0.558533
89035,0.477417
89086,0.455505
89122,0.453979
89130,0.595215
89133,0.508362
89185,0.600891
89196,0.491943
89208,0.633118
89235,0.605896
89255,0.483582
89264,0.456299
89289,0.488098
89304,0.453857
89374,0.505005
89480,0.514404
89621,0.539307
89677,0.753113
89714,0.584167
89750,0.456360
89756,0.462952
89778,0.532166
89847,0.456604
89885,0.461548
89902,0.458618
89908,0.747742
89923,0.506409
89983,0.468262
90044,0.465027
90057,0.488220
90108,0.527832
90150,0.587769
90156,0.488159
90258,0.600952
90313,0.568665
90323,0.578796
90329,0.478577
90333,0.488892
90349,0.512634
90354,0.471863
90364,0.552612
90365,0.456360
90368,0.479675
90457,0.480896
90458,0.522400
90478,0.465454
90496,0.460999
90510,0.472046
90530,0.477722
90535,0.489136
90580,0.459595
90581,0.469238
90583,0.504761
90618,0.454346
90624,0.453430
90643,0.526611
90718,0.492554
90727,0.530762
90740,0.612976
90742,0.488525
90757,0.460693
90775,0.515747
90794,0.517029
90818,0.462585
90829,0.584290
90899,0.512817
90915,0.522461
90918,0.482544
90972,0.511658
91001,0.504578
91042,0.593689
91059,0.514160
91083,0.461243
91111,0.493530
91114,0.463562
91154,0.505432
91170,0.558960
91189,0.529297
91202,0.479370
91227,0.524048
91257,0.471985
91269,0.521973
91270,0.481995
91291,0.564819
91296,0.482483
91308,0.543762
91315,0.477295
91321,0.554810
91436,0.485107
91455,0.582458
91458,0.516357
91498,0.486633
91551,0.518311
91554,0.454163
91589,0.487488
91605,0.456299
91672,0.478821
91707,0.574158
91710,0.489258
91712,0.556641
91726,0.453613
91728,0.554688
91761,0.487732
91781,0.467834
91973,0.585022
91974,0.463318
92046,0.489075
92093,0.526428
92096,0.506470
92125,0.486816
92175,0.454163
92185,0.506226
92191,0.473022
92213,0.460022
92214,0.503784
92284,0.472839
92307,0.518860
92308,0.458923
92329,0.454407
92358,0.538818
92434,0.455444
92446,0.483093
92470,0.476685
92521,0.509094
92547,0.544861
92549,0.485291
92570,0.499634
92574,0.472961
92575,0.456360
92584,0.479492
92659,0.498596
92681,0.470703
92751,0.564453
92770,0.561646
92777,0.747803
92778,0.473511
92829,0.454224
92842,0.455811
92857,0.470337
92926,0.455322
92933,0.488342
92942,0.494568
92978,0.500366
92982,0.526794
92988,0.486023
92992,0.458984
93046,0.453552
93048,0.482361
93055,0.551514
93060,0.482849
93070,0.500549
93081,0.491577
93099,0.470703
93101,0.506836
93204,0.456116
93227,0.527100
93228,0.529419
93231,0.543335
93235,0.456543
93255,0.505188
93262,0.487915
93271,0.453735
93281,0.468262
93293,0.553955
93313,0.568909
93318,0.467957
93408,0.573425
93412,0.510071
93475,0.489746
93486,0.466553
93512,0.481873
93553,0.468384
93564,0.482239
93645,0.505310
93660,0.768311
93677,0.478638
93750,0.510498
93772,0.470459
93803,0.479797
93842,0.482727
93881,0.511902
93979,0.478394
93983,0.455017
94019,0.479675
94043,0.482422
94044,0.479614
94046,0.454224
94059,0.487915
94069,0.610596
94100,0.573242
94127,0.488708
94130,0.558411
94182,0.458496
94193,0.468323
94238,0.527832
94325,0.479553
94331,0.476746
94372,0.456116
94385,0.538025
94455,0.476135
94495,0.513245
94535,0.549622
94596,0.489685
94712,0.493469
94733,0.460999
94777,0.454102
94836,0.514771
94985,0.502563
95061,0.482605
95083,0.492676
95103,0.561157
95117,0.453613
95130,0.459839
95144,0.603271
95166,0.463806
95173,0.504944
95220,0.473267
95241,0.505127
95245,0.596008
95270,0.527039
95290,0.473938
95295,0.485596
95306,0.484070
95378,0.503662
95410,0.547241
95442,0.459106
95447,0.453674

